0.0
36.91275167785235
96.33507853403141
42.857142857142854
56.343283582089555
0
600.0
2566.666666666667
0
85.84905660377359
97.54901960784314
59.893048128342244
0.0
0.0
64.78260869565217
59.130434782608695
23.684210526315788
0
140.0
250.0
0
71.52777777777779
98.28326180257511
88.71794871794872
0
0
0
0
0.0
100.0
0
0.0
780.0
1066.6666666666665
71.98067632850241
94.04517453798768
0
88.79551820728291
96.82539682539682
36.734693877551024
0
0
8.823529411764707
345.45454545454544
650.0
0
50.0
500.0
25.71428571428571
420.0
0
0
100.0
51.42857142857142
93.7007874015748
98.07692307692307
92.85714285714286
0.0
0
35.0
0.0
0
511.1111111111111
50.81967213114754
0
0.0
440.00000000000006
0.0
0
0
8200.0
0
0
0
0
64.70588235294117
0
0.0
0
0
242.85714285714283
0
52.17391304347826
0
29.411764705882355
60.86956521739131
58.06451612903226
5900.0
0
8900.0
53.125
30.434782608695656
44.16961130742049
96.92307692307692
95.4954954954955
32.544378698224854
15.354330708661418
14.3646408839779
89.20704845814979
96.16858237547893
55.494505494505496
0
0.0
0
50.0
0
0.0
36.36363636363637
20.0
0
64.88095238095238
25.0
50.0
0.0
31.76470588235294
100.0
25.71428571428571
87.94642857142857
96.52173913043478
225.0
0
47.53787878787879
95.57774607703281
93.7062937062937
38.46153846153847
0
166.66666666666669
0
0
207.14285714285717
100.0
450.0
35.95505617977528
30.434782608695656
71.11111111111111
90.78014184397163
87.00564971751412
46.3768115942029
67.67676767676768
114.28571428571428
34.48275862068966
84.31372549019608
43.43434343434344
0
50.0
54.83870967741935
37.5
54.054054054054056
37.81094527363184
0
0
0.0
125.0
0
0
50.602409638554214
70.15384615384616
54.20168067226891
37.5
200.0
0
0
20.0
0
0
0
65.74585635359117
75.07987220447284
55.55555555555556
53.820598006644516
85.90604026845638
89.9497487437186
41.44144144144144
30.0
80.0
97.01492537313433
86.51399491094148
0
1300.0
0
0
23.026315789473685
15.517241379310345
500.0
0
175.0
62.5
35.146443514644346
38.095238095238095
80.67885117493474
88.25396825396825
0
0.0
38.095238095238095
60.86956521739131
650.0
56.375838926174495
57.391304347826086
0.0
0
0
22.58064516129032
40.42553191489361
98.20627802690582
94.76190476190476
250.0
2233.333333333333
0
0
0
44.11764705882353
66.66666666666666
63.2768361581921
96.91629955947137
94.45812807881774
32.5
56.896551724137936
49.18032786885246
166.66666666666669
0
0
12.5
0
51.12359550561798
96.23430962343096
67.58241758241759
1050.0
128.57142857142858
50.0
3900.0
0
19.672131147540984
33.33333333333333
46.875
0.0
0
0
400.0
29.09090909090909
29.48717948717949
7300.0
0
0.0
82.99595141700405
90.17857142857143
63.63636363636363
0
0.0
50.0
50.30120481927711
81.2
72.5
175.0
69.25
100.0
92.80000000000001
0.0
0
0
0
105.26315789473684
54.285714285714285
90.38461538461539
79.81220657276995
43.037974683544306
0
35.59322033898305
33.33333333333333
87.5
0.0
150.0
233.33333333333334
0
0
1266.6666666666665
89.28571428571429
4075.0
287.5
31.958762886597935
250.0
58.778625954198475
87.8048780487805
38.759689922480625
0
100.0
0.0
50.0
18.69918699186992
266.66666666666663
42.857142857142854
45.94594594594595
37.878787878787875
113.63636363636364
32.25806451612903
41.66666666666667
85.43689320388349
89.1891891891892
36.44859813084112
0
0
0
0.0
0
128.125
96.48936170212767
95.6043956043956
64.70588235294117
0
226.66666666666666
55.172413793103445
311.11111111111114
0
0
29.411764705882355
30.23255813953488
750.0
180.0
66.66666666666666
0
0
0.0
5166.666666666666
400.0
150.0
57.14285714285714
157.14285714285714
25.0
150.0
41.964285714285715
96.0
98.1651376146789
91.73913043478261
36.11111111111111
120.0
100.0
128.57142857142858
350.0
0.0
27.77777777777778
29.230769230769234
40.0
0.0
54.36893203883495
83.33333333333334
92.10526315789474
36.60130718954248
200.0
0
0
41.02564102564102
54.24688561721405
41.409691629955944
50.32537960954448
0
2466.666666666667
0.0
0.0
0.0
46.3768115942029
52.27272727272727
91.1504424778761
250.0
18.181818181818183
68.62745098039215
40.136054421768705
62.5
59.09090909090909
50.943396226415096
43.18181818181818
67.3076923076923
52.736318407960205
90.625
125.80645161290323
18.085106382978726
95.23809523809523
29.181494661921707
75.0
144.44444444444443
181.25
158.8235294117647
816.6666666666666
76.92307692307693
35.294117647058826
440.00000000000006
53.65853658536586
160.0
5.555555555555555
225.0
60.64516129032258
84.52868852459017
95.70200573065902
98.40425531914893
58.666666666666664
700.0
23.4375
31.292517006802722
25.263157894736842
38.095238095238095
96.0
250.0
65.46184738955823
70.85427135678391
44.44444444444444
55.26315789473685
52.336448598130836
52.38095238095239
40.19607843137255
433.3333333333333
52.17391304347826
81.81818181818183
96.42857142857143
61.53846153846154
104.16666666666667
55.81395348837209
92.24137931034483
37.142857142857146
45.0
47.22222222222222
58.55263157894737
93.54838709677419
41.84100418410041
138.46153846153845
114.28571428571428
46.85990338164252
36.84210526315789
250.0
51.21951219512195
966.6666666666666
0
380.0
0
320.0
966.6666666666666
42.30769230769231
56.16438356164384
59.82142857142857
59.48275862068966
66.66666666666666
81.3953488372093
37.254901960784316
46.666666666666664
112.5
56.666666666666664
138.88888888888889
47.05882352941176
187.5
59.09090909090909
45.65217391304348
110.00000000000001
71.73913043478261
58.75
44.05594405594406
42.780748663101605
76.5432098765432
51.075268817204304
0
0
53.75
78.57142857142857
52.976190476190474
15.909090909090908
34.11764705882353
1325.0
59.70149253731343
72.2397476340694
41.42857142857143
100.0
41.52173913043478
150.0
146.66666666666666
1300.0
225.0
0.0
283.33333333333337
27.536231884057973
26.865671641791046
114.28571428571428
27.173913043478258
42.857142857142854
27.500000000000004
72.89156626506023
93.82716049382715
90.27777777777779
850.0
75.0
54.83870967741935
36.57142857142857
61.97183098591549
26.923076923076923
123.07692307692308
84.61538461538461
45.27027027027027
60.86956521739131
48.78048780487805
270.0
187.5
27.27272727272727
84.84848484848484
66.66666666666666
36.84210526315789
30.0
36.708860759493675
55.45851528384279
40.0
57.14285714285714
42.57425742574257
82.22222222222221
63.013698630136986
24.324324324324326
55.26315789473685
61.386138613861384
18.75
46.666666666666664
40.909090909090914
56.86274509803921
53.398058252427184
66.66666666666666
39.59731543624161
27.27272727272727
35.57692307692308
0.0
80.95238095238095
0.0
150.0
39.53488372093023
940.0
37.631578947368425
287.5
21.27659574468085
196.55172413793102
116.66666666666667
127.27272727272727
24.444444444444443
960.0
54.248366013071895
40.0
25.925925925925924
42.25352112676056
37.68115942028986
1050.0
56.09756097560976
37.9746835443038
480.0
151.85185185185185
52.12765957446809
43.58974358974359
36.53846153846153
48.45360824742268
0
74.07407407407408
0.0
31.57894736842105
50.0
0.0
55.02958579881657
50.0
19.902912621359224
17.91907514450867
0.0
35.25179856115108
30.666666666666664
70.0
66.66666666666666
4700.0
109.09090909090908
60.14580801944107
21.69657422512235
140.9090909090909
53.648068669527895
0
28.50678733031674
36.29489603024575
59.70149253731343
64.70588235294117
0
26.61290322580645
144.44444444444443
39.91769547325103
43.07692307692308
98.33333333333333
98.07692307692307
35.981308411214954
0.0
29.183673469387756
83.87096774193549
21.12676056338028
72.22222222222221
31.818181818181817
33.9622641509434
74.19354838709677
59.25925925925925
64.70588235294117
47.30538922155689
73.07692307692307
28.915662650602407
185.71428571428572
18.75
51.21951219512195
32.52032520325203
48.04270462633452
58.121827411167516
53.316326530612244
30.405405405405407
27.027027027027028
34.30962343096235
31.11111111111111
25.961538461538463
46.55172413793103
211.11111111111111
28.30188679245283
32.597623089983024
38.095238095238095
32.56704980842912
20.43010752688172
39.45454545454545
273.3333333333333
58.333333333333336
23.96694214876033
816.6666666666666
0
1725.0
50.17667844522968
31.446540880503143
32.450331125827816
32.098765432098766
39.202657807308974
93.75
27.95918367346939
38.265306122448976
55.55555555555556
24.59016393442623
31.266149870801037
26.72413793103448
125.0
0.0
18.461538461538463
75.0
41.904761904761905
24.271844660194176
20.714285714285715
50.0
31.863727454909817
43.59861591695502
51.356993736951985
47.28789986091794
53.687315634218294
53.2967032967033
59.27051671732523
67.21311475409836
47.44186046511628
23.503465658475108
40.0
133.33333333333331
38.513513513513516
49.01960784313725
83.33333333333334
14.033366045142296
55.122950819672134
46.65523156089194
21.428571428571427
75.86206896551724
0.0
300.0
29.629629629629626
160.0
25.0
26.82926829268293
100.0
0
35.741444866920155
5050.0
34.72222222222222
33.33333333333333
88.23529411764706
75.0
26.229508196721312
233.33333333333334
98.84393063583815
83.00970873786407
68.60068259385666
53.87755102040816
145.45454545454547
25.64102564102564
42.64705882352941
32.55813953488372
55.11363636363637
44.44444444444444
36.04060913705584
40.35087719298245
34.84848484848485
37.35632183908046
70.46413502109705
52.17391304347826
29.80132450331126
58.139534883720934
62.75071633237822
47.87234042553192
34.25925925925926
44.44444444444444
40.11299435028249
43.63143631436314
67.14975845410628
75.1219512195122
30.63583815028902
80.0
25.37313432835821
23.465703971119133
25.621414913957935
111.29032258064515
27.659574468085108
27.027027027027028
29.545454545454547
39.04109589041096
62.056737588652474
87.5
32.58426966292135
68.0
37.5
20.075757575757574
318.1818181818182
0
54.166666666666664
0.0
46.26865671641791
34.35326842837274
56.52173913043478
21.110299488677867
38.666666666666664
54.958677685950406
37.07865168539326
37.3469387755102
45.0
37.61467889908257
50.0
0.0
287.5
28.57142857142857
25.0
25.49019607843137
31.818181818181817
52.76595744680851
64.14342629482071
350.0
36.36363636363637
166.66666666666669
0.0
54.347826086956516
48.03921568627451
68.50828729281768
86.02150537634408
30.418250950570343
2700.0
1250.0
25.0
71.42857142857143
0.0
300.0
25.64102564102564
53.2258064516129
82.75862068965517
44.44444444444444
52.666666666666664
71.57894736842105
42.405063291139236
44.927536231884055
112.5
500.0
20.0
32.30769230769231
48.57142857142857
77.77777777777779
150.0
550.0
25.0
48.0
580.0
40.54054054054054
0.0
24.528301886792452
63.37285902503294
30.18867924528302
76.92307692307693
70.0
40.42553191489361
500.0
181.25
48.59154929577465
56.19047619047619
51.546391752577314
66.66666666666666
42.30769230769231
42.10526315789473
40.476190476190474
48.484848484848484
56.00000000000001
39.64497041420118
56.797583081571
16.50485436893204
37.5
0.0
52.63157894736842
37.5
0
43.97163120567376
62.5
50.161812297734635
21.428571428571427
25.71428571428571
85.36912751677852
96.66666666666667
68.4971098265896
55.38461538461539
23.636363636363637
100.0
76.47058823529412
96.74952198852772
91.13372093023256
42.857142857142854
48.10126582278481
42.857142857142854
40.0
260.0
42.857142857142854
57.14285714285714
51.886792452830186
32.098765432098766
32.075471698113205
245.45454545454547
34.04255319148936
16.0
59.45945945945946
25.37313432835821
17.77777777777778
48.275862068965516
50.83798882681564
30.357142857142854
41.66666666666667
35.08771929824561
10.81081081081081
32.78688524590164
7.017543859649122
36.26373626373626
39.38223938223938
45.18072289156627
41.30434782608695
28.8135593220339
437.5
29.03225806451613
72.72727272727273
55.55555555555556
36.666666666666664
33.33333333333333
100.0
35.714285714285715
38.63636363636363
43.58974358974359
64.51612903225806
10.0
0.0
34.883720930232556
38.613861386138616
31.756756756756754
262.5
65.94427244582043
23.404255319148938
23.076923076923077
29.651162790697676
45.714285714285715
38.88888888888889
33.33333333333333
30.927835051546392
22.58064516129032
36.26373626373626
42.68292682926829
220.00000000000003
39.130434782608695
123.07692307692308
45.83333333333333
43.90243902439025
54.67625899280576
50.526315789473685
88.84892086330936
64.77495107632095
64.31095406360424
51.08695652173913
46.42857142857143
81.13207547169812
76.0705289672544
0
26.153846153846157
114.28571428571428
24.6031746031746
49.59349593495935
49.56521739130435
25.0
45.45454545454545
47.368421052631575
0
34.22818791946309
49.494949494949495
28.07017543859649
5200.0
40.18691588785047
27.906976744186046
0.0
150.0
50.79365079365079
4700.0
66.66666666666666
61.19402985074627
42.62295081967213
60.0
43.47826086956522
59.63060686015831
44.44444444444444
714.2857142857143
0.0
38.421052631578945
54.379562043795616
28.57142857142857
82.6086956521739
77.27272727272727
1866.6666666666667
1500.0
57.89473684210527
1850.0
76.47058823529412
34.54545454545455
34.090909090909086
1225.0
100.0
0
587.5
18.30985915492958
43.39622641509434
38.46153846153847
30.0
58.333333333333336
44.776119402985074
86.36363636363636
42.857142857142854
38.46153846153847
308.33333333333337
300.0
50.0
94.11764705882352
316.66666666666663
43.2
0
120.0
130.0
62.422360248447205
28.57142857142857
45.56962025316456
34.738955823293175
66.66666666666666
35.526315789473685
21.71717171717172
42.5531914893617
27.819548872180448
31.06796116504854
49.685534591194966
35.768261964735515
47.863247863247864
30.625000000000004
17.77777777777778
23.450134770889488
53.79310344827586
49.06832298136646
42.886178861788615
46.97986577181208
43.925233644859816
56.463878326996195
90.0
30.0
46.666666666666664
45.588235294117645
47.49262536873156
28.09917355371901
108.33333333333333
27.21518987341772
50.0
52.89855072463768
125.0
0.0
33.55048859934853
50.68493150684932
100.0
50.74626865671642
56.83453237410072
31.775700934579437
23.48993288590604
600.0
1900.0
0.0
342.85714285714283
34.06113537117904
50.0
60.86956521739131
25.0
36.51226158038147
40.625
65.21739130434783
87.5
45.3125
46.026490066225165
37.5
30.903790087463555
60.0
52.76381909547738
43.43065693430657
49.64200477326969
105.26315789473684
111.90476190476191
52.77777777777778
28.672985781990523
35.483870967741936
39.52569169960474
1100.0
29.629629629629626
650.0
65.71428571428571
19.424460431654676
41.988950276243095
0
36.024844720496894
66.66666666666666
61.832061068702295
11.11111111111111
350.0
100.0
48.38709677419355
42.15686274509804
52.94117647058824
166.66666666666669
86.36363636363636
40.33613445378151
73.68421052631578
37.34939759036144
50.79365079365079
38.759689922480625
116.66666666666667
100.0
25.0
36.17021276595745
37.5
31.818181818181817
51.02040816326531
42.15686274509804
34.69387755102041
182.6086956521739
25.396825396825395
137.5
0
70.11494252873564
100.0
68.82530120481928
72.90322580645162
42.0
56.36363636363636
45.535714285714285
61.58940397350994
35.714285714285715
40.38461538461539
125.0
100.0
63.41463414634146
61.904761904761905
116.66666666666667
62.5
53.44827586206896
43.63636363636363
33.33333333333333
49.51456310679612
48.13186813186813
60.0
38.63636363636363
44.881889763779526
83.33333333333334
38.297872340425535
37.333333333333336
75.0
53.48837209302325
0
66.66666666666666
81.25
46.808510638297875
65.4320987654321
69.30379746835443
35.55555555555556
45.0
57.14285714285714
40.625
45.19230769230769
35.22727272727273
52.94117647058824
32.967032967032964
27.67857142857143
52.0
38.88888888888889
74.14634146341463
89.1566265060241
66.07929515418502
47.61904761904761
42.10526315789473
27.55102040816326
75.0
133.33333333333331
62.31884057971014
61.53846153846154
49.35064935064935
33.87096774193548
70.0
42.857142857142854
57.89473684210527
36.53846153846153
60.57692307692307
59.45945945945946
32.6530612244898
38.2716049382716
26.47058823529412
50.0
57.14285714285714
50.66666666666667
0.0
46.15384615384615
40.0
43.51851851851852
38.63636363636363
47.22222222222222
85.71428571428571
53.125
37.2093023255814
55.55555555555556
76.92307692307693
50.0
43.75
29.6875
56.00000000000001
31.57894736842105
63.63636363636363
34.78260869565217
68.96551724137932
58.82352941176471
64.70588235294117
65.84158415841584
71.875
43.13725490196079
61.43790849673203
33.33333333333333
64.91228070175438
76.69902912621359
65.38461538461539
50.0
68.96551724137932
63.04347826086957
41.284403669724774
80.0
64.86486486486487
19.101123595505616
51.35135135135135
0
46.666666666666664
43.24324324324324
43.13725490196079
34.73684210526316
50.0
28.57142857142857
35.0
440.00000000000006
1000.0
100.0
0
0
0
0
0
0
0
0
0
0
0
0
0
0.0
0
0
0
0
0
0
0
0
0
0
100.0
3.937007874015748
46.30541871921182
0
0
0
0
146.15384615384613
0
0
66.66666666666666
98.91304347826086
115.38461538461537
0
0
0
5600.0
0.0
4100.0
0
0
0
0
0
0
0
0
0
0
0
1580.0
0.0
0
0
0
0
1150.0
0
84.7560975609756
97.3063973063973
59.09090909090909
0.0
0
0
0
450.0
33.65384615384615
175.0
0
0
0
0
0
0
0.0
0
0
0
0
0
0
0
0
0
0
0
0
0
0
0
33.33333333333333
0
0
27.27272727272727
157.14285714285714
69.23076923076923
94.9238578680203
118.18181818181819
275.0
0
0.0
0
0
0
0
0
0
6.25
26.76056338028169
0
0
0
0
0
0
0
0
0
0
0
250.0
45.76271186440678
0
0
340.0
0
51.7948717948718
53.04347826086957
0
0
20.833333333333336
27.071823204419886
11.538461538461538
0
0
0
0
0
0
0
0
240.0
98.84393063583815
0
0
0
0
0
0
137.5
433.3333333333333
0
0
0
0
0
0
0
0
0
114.28571428571428
54.47761194029851
78.03138373751783
0
0
50.0
0
0
0
0
0
1800.0
0
0
0
0
0
0
1350.0
0
0
0
0
0
0
0
0
0
0
0
51.26050420168067
60.0
0
0
0
95.03105590062113
79.93827160493827
52.74725274725275
86.20689655172413
97.12643678160919
0
0.0
0
0
0
0
0
0
25.0
30.0
0
0
633.3333333333333
0
0
0
0
0
0
0
0
0
0
0
0
0
0
0
0
0
0
0
0
160.0
0
0
0
0
0
0
0
0
0
0
0
0
0
11.11111111111111
86.36363636363636
0
0
0
0
56.25
0
0
0
0
0
0
0
0
0
0
0
33.33333333333333
50.0
2200.0
0
0
0
0
170.0
86.5979381443299
106.25
0
0
0
0
26.02040816326531
0
0
23.52941176470588
0.0
0
571.4285714285714
42.35294117647059
33.649289099526065
0
0
116.66666666666667
0
0
0
0
0
0
0
0
0
0
0
0
0
0
0
0
0
0
0
0
0
26.41509433962264
43.75
0
0
0
0
0
0.0
0
0
0
0
0
0
0
0
0
0
0
0
0.0
0
0
0
0
0
0
0
0
0
0
0
0
0
0
0
0
0
0
0
0.0
0
0
0
0
0
0
0
0
0
0
0
0
0
0
0
0
100.0
23.333333333333332
36.04651162790697
400.0
2550.0
77.77777777777779
32.20338983050847
0
0
0
0
0
0
0
0
0.0
0
0
0
0
0
0
0
0
0
0
0
57.738095238095234
77.53424657534246
0
0
0
0
0
0
0
0
0
0
0
150.0
0.0
0.0
0
650.0
0
0
0
0
0
0
32.0
93.0327868852459
40.298507462686565
0
0
0
0
0
0
0
0
0
0
0
1500.0
0
0
0
0
0
0
0
0
0
0
0
0
0
0
0
0
0
0
0
0
0
0
0
0
0
0
0
0
0
0
0
0
0
0
0
0
0
0
0
0
0
0
0
0
0
0
0
0
0
0
0
0
0
0
0
0
0
0
0
0
0
0
0
0
0
0
0
0
0
40.0
0
0
0
0
38.095238095238095
0
0
0
0
0
79.09836065573771
97.43589743589743
0
94.6524064171123
99.0521327014218
3.3057851239669422
56.39810426540285
92.85714285714286
26.027397260273972
98.06451612903226
90.2439024390244
0
0
100.0
0
0
0
0
0
69.96197718631178
93.91447368421053
92.03539823008849
0.0
0
0
0
0
0
0
0
0
0
0
0
0
0
0
0
92.85714285714286
0
0.0
0
0
0
0
0
0
0
0
0
0
0
40.74074074074074
0
0
46.666666666666664
175.0
0
0
0
0
0
0
0.0
42.49084249084249
45.94594594594595
40.17857142857143
0
66.66666666666666
0
0
0.0
2100.0
0.0
0
0
550.0
95.6043956043956
35.55555555555556
14.285714285714285
0
0
0
0
0
0
22.666666666666664
43.83561643835616
0
0
0.0
0
0
0
0.0
0
94.4954128440367
107.0
0
0
0
0
150.0
177.77777777777777
68.72037914691943
85.87570621468926
88.13559322033898
0
0
0
0
0
0
0
0
0
0
0
0
0
0
0
0
0
0
400.0
0
0
0
0
0
29.03225806451613
0
0
0
0
0
0
0
0
0
0
0
0
0
0
35.61643835616438
64.51612903225806
69.23076923076923
113.33333333333333
0
0
0
0
0
0
0
0
0
0
50.0
15.384615384615385
10.606060606060606
57.89473684210527
0
0
0
0
416.6666666666667
0
0
0
0
350.0
0
0
0
0
0
0
0.0
0
0
0
0
0
0
0
0
0
0
0.0
0
0
0
0
0
0
0.0
9.248554913294797
58.875739644970416
0
86.66666666666667
20.0
0
0
0
0
100.0
40.476190476190474
6.0
0
0
0
0
0
0
0
0
860.0
70.27027027027027
22.413793103448278
14.285714285714285
30.64516129032258
84.70588235294117
57.05882352941176
0
0
0
0
0
0
30.0
72.72727272727273
28.57142857142857
0
0
31.297709923664126
95.66666666666667
0
0
0
0
0
0
0
0
0
0
0
0
275.0
0
0
0
0
0
0
0
0
0
0
0
0
0
0.0
0.0
92.85714285714286
175.0
0
46.666666666666664
83.33333333333334
36.36363636363637
87.8048780487805
102.38095238095238
15.384615384615385
34.69387755102041
25.0
78.57142857142857
37.83783783783784
63.45514950166113
30.37974683544304
200.0
0
0.0
5600.0
44.44444444444444
450.0
46.15384615384615
7.142857142857142
84.48275862068965
81.69014084507043
48.68421052631579
80.0
96.56488549618321
95.71865443425077
28.235294117647058
40.36697247706422
0.0
0
20.0
27.27272727272727
74.81751824817519
99.2156862745098
89.41504178272982
0
0
22.302158273381295
94.13793103448276
0
550.0
57.14285714285714
125.0
20.37037037037037
24.409448818897637
725.0
0
0
166.66666666666669
137.5
50.0
75.7615894039735
96.5909090909091
92.53731343283582
10.0
24.561403508771928
309.09090909090907
51.61290322580645
30.76923076923077
0
25.0
10.666666666666668
15.384615384615385
13.586956521739129
22.90909090909091
28.57142857142857
36.36363636363637
18.947368421052634
266.66666666666663
18.30985915492958
166.66666666666669
64.73829201101928
62.75303643724697
12.320916905444127
13.471502590673575
60.0
0
812.5
69.23076923076923
0
20.930232558139537
18.954248366013072
22.15909090909091
25.0
18.51851851851852
15.668202764976957
16.666666666666664
9.448818897637794
122.22222222222223
24.42159383033419
52.156862745098046
25.541125541125542
125.0
0
0
0
269.2307692307692
75.0
0
18.51851851851852
107.54716981132076
97.00934579439252
0.0
0.0
19.012345679012345
57.961783439490446
22.707423580786028
14.87603305785124
19.35483870967742
77.77777777777779
94.11764705882352
9.900990099009901
12.5
216.66666666666666
0
23.91304347826087
14.423076923076922
0.0
14.285714285714285
16.666666666666664
129.16666666666669
9.027777777777777
0
233.33333333333334
31.25
0
0
50.0
13.793103448275861
9.523809523809524
30.985915492957744
11.336032388663968
7.792207792207792
0
30.808080808080806
27.004219409282697
50.0
459.99999999999994
0
0.0
22.448979591836736
28.125
0.0
340.0
98.0392156862745
96.25550660792952
36.3265306122449
33.33333333333333
163.63636363636365
46.15384615384615
0
38.87147335423197
47.85276073619632
125.0
22.727272727272727
25.0
161.53846153846155
150.0
620.0
110.00000000000001
27.27272727272727
4.571428571428571
46.464646464646464
23.655913978494624
0
112.5
62.5
0
42.857142857142854
73.48066298342542
57.14285714285714
86.20689655172413
100.0
28.901734104046245
23.809523809523807
25.0
35.294117647058826
69.17808219178082
96.64429530201343
94.8051948051948
45.83333333333333
350.0
20.0
66.66666666666666
0.0
22.185430463576157
36.36363636363637
0.0
0
0.0
13.333333333333334
0
9.90990990990991
22.61904761904762
12.121212121212121
21.73913043478261
285.7142857142857
23.728813559322035
21.875
0
6.024096385542169
13.698630136986301
0
100.0
8.860759493670885
0
19.047619047619047
733.3333333333333
1140.0
200.0
0
0
48.07692307692308
66.2420382165605
280.0
17.647058823529413
67.75599128540306
25.0
13.580246913580247
97.8021978021978
83.71134020618557
19.318181818181817
0
37.142857142857146
24.137931034482758
114.28571428571428
0
2.3255813953488373
38.659793814432994
37.59398496240601
0
380.0
0
0.0
25.55066079295154
30.76923076923077
0
75.0
52.94117647058824
0
79.24528301886792
75.0
0.0
64.44444444444444
1500.0
150.0
0
48.343079922027286
88.42105263157895
73.39449541284404
58.108108108108105
53.051643192488264
120.0
700.0
20.37037037037037
80.0
333.33333333333337
0.0
200.0
53.333333333333336
43.75
0
14.285714285714285
5.4945054945054945
58.82352941176471
0.0
33.33333333333333
20.588235294117645
66.66666666666666
720.0
25.24271844660194
9.523809523809524
350.0
350.0
43.75
0.0
11.25
16.455696202531644
0
12.598425196850393
49.50738916256158
9.352517985611511
110.00000000000001
0.0
85.71428571428571
40.298507462686565
40.0
300.0
32.68482490272373
5.405405405405405
20.0
300.0
550.0
300.0
600.0
18.181818181818183
14.457831325301203
140.0
0
13.636363636363635
15.107913669064748
114.28571428571428
10.0
271.42857142857144
0.0
0
53.84615384615385
17.5
7.142857142857142
0
0
0.0
0.0
37.344398340248965
65.0
23.076923076923077
13.513513513513514
380.0
233.33333333333334
11.971830985915492
30.69544364508393
450.0
425.0
314.2857142857143
100.0
0.0
81.81818181818183
146.15384615384613
16.025641025641026
642.8571428571429
0.0
0
57.14285714285714
0.0
100.0
255.55555555555554
65.625
15.151515151515152
25.0
0.0
0.0
42.857142857142854
0
14.754098360655737
6300.0
24.390243902439025
20.52980132450331
84.84848484848484
84.5925925925926
500.0
25.694444444444443
19.9468085106383
0
0
16.243654822335024
34.18803418803419
0.0
100.0
25.0
71.54471544715447
94.12878787878788
92.9951690821256
61.53846153846154
61.64383561643836
226.3157894736842
0.0
0
1250.0
25.454545454545453
19.488817891373802
27.941176470588236
33.33333333333333
0.0
59.75
61.038961038961034
40.0
0.0
800.0
50.0
19.745222929936308
1325.0
20.0
21.73913043478261
133.33333333333331
760.0
0
57.692307692307686
32.84313725490196
71.42857142857143
3725.0
122.22222222222223
150.0
111.11111111111111
50.0
12.121212121212121
20.51282051282051
4050.0
66.66666666666666
40.909090909090914
61.111111111111114
5.333333333333334
100.0
42.42424242424242
59.813084112149525
0
62.5
49.54128440366973
0
1100.0
13.461538461538462
38.46153846153847
0
0
23.275862068965516
50.22970903522205
16.740088105726873
24.096385542168676
0
0.0
0
0
0
0.0
23.809523809523807
18.951612903225808
40.38461538461539
0
33.33333333333333
16.184971098265898
0
0.0
175.0
40.57971014492754
14.705882352941178
29.874213836477985
54.285714285714285
36.27906976744186
233.33333333333334
0
262.5
300.0
0
20.0
0.0
31.914893617021278
9.743589743589745
29.72972972972973
40.10152284263959
60.45977011494252
18.543046357615893
50.22222222222222
30.386740331491712
38.23529411764706
22.61904761904762
33.33333333333333
0
242.85714285714283
22.0
44.6078431372549
30.434782608695656
30.37974683544304
5.0
70.83333333333334
4700.0
33.69565217391305
0.0
0
420.0
266.66666666666663
0
63.25757575757576
50.29585798816568
1450.0
0
20.0
60.0
20.155038759689923
35.0
52.4390243902439
22.62773722627737
122.22222222222223
88.23529411764706
0
128.57142857142858
58.620689655172406
57.14285714285714
9.090909090909092
67.1875
87.8048780487805
31.11111111111111
52.14521452145215
36.08695652173913
16.0
70.0
27.27272727272727
0
80.95238095238095
66.66666666666666
21.27659574468085
0
0
38.666666666666664
43.790849673202615
34.92063492063492
133.33333333333331
121.73913043478262
14.847161572052403
18.64406779661017
19.852941176470587
233.33333333333334
0.0
0
71.107544141252
88.08510638297872
24.752475247524753
0
0
17.391304347826086
21.604938271604937
75.0
0
0
0
0.0
21.176470588235293
18.233618233618234
39.6551724137931
14.084507042253522
25.0
92.3076923076923
8.994708994708994
32.35294117647059
733.3333333333333
154.54545454545453
400.0
16.666666666666664
27.4442538593482
16.417910447761194
22.45614035087719
92.5925925925926
21.53846153846154
11.76470588235294
0.0
145.83333333333331
9.836065573770492
950.0
1450.0
27.413127413127413
31.104199066874028
0.0
17.615176151761517
15.819209039548024
17.93103448275862
23.204419889502763
70.22058823529412
82.55813953488372
78.41031149301826
287.5
0
154.54545454545453
21.27659574468085
19.736842105263158
0.0
0.0
600.0
1240.0
100.0
0
13.903743315508022
17.5531914893617
150.0
0
300.0
0
0
0.0
800.0
600.0
37.745098039215684
30.952380952380953
533.3333333333333
840.0
50.331125827814574
0
2120.0
0
22.388059701492537
125.0
90.3409090909091
58.3941605839416
26.666666666666668
0.0
79.16666666666666
23.404255319148938
1366.6666666666665
0.0
30.935251798561154
433.3333333333333
0
19.383259911894275
16.867469879518072
0
100.0
0.0
56.25
0
0
83.33333333333334
98.07692307692307
68.43575418994413
29.72972972972973
0
425.0
75.0
32.97872340425532
66.66666666666666
0
333.33333333333337
0
0
0
0
0.0
39.39393939393939
230.76923076923075
775.0
31.57894736842105
152.17391304347828
36.36363636363637
0
258.8235294117647
80.24193548387096
96.15384615384616
35.77235772357724
56.92307692307692
31.443298969072163
38.43416370106761
71.42857142857143
15.789473684210526
0
0
127.27272727272727
26.865671641791046
24.82758620689655
126.66666666666666
94.73684210526315
0.0
58.536585365853654
43.63636363636363
77.77777777777779
58.620689655172406
45.28301886792453
0
27.659574468085108
33.33333333333333
39.69465648854962
52.63157894736842
51.162790697674424
7100.0
88.88888888888889
0.0
300.0
52.63157894736842
100.0
58.730158730158735
93.33333333333333
160.0
257.14285714285717
25.742574257425744
53.62318840579711
88.57142857142857
55.18518518518518
71.671388101983
40.993788819875775
56.86274509803921
971.4285714285713
82.86118980169972
83.5990888382688
35.6401384083045
171.42857142857142
36.36363636363637
50.0
1700.0
21.311475409836063
114.28571428571428
109.6774193548387
271.42857142857144
988.8888888888889
28.31858407079646
84.48275862068965
45.65217391304348
136.36363636363635
257.14285714285717
0
68.75
57.14285714285714
840.0
36.27450980392157
43.45794392523364
0
108.8235294117647
43.58974358974359
27.61904761904762
1350.0
43.75
210.0
98.27586206896551
1500.0
128.57142857142858
37.77777777777778
40.57971014492754
41.605839416058394
18.9873417721519
28.71287128712871
350.0
1083.3333333333335
42.10526315789473
63.26530612244898
833.3333333333334
80.0
83.66013071895425
59.72222222222222
62.745098039215684
43.31797235023041
457.1428571428571
43.18181818181818
50.0
36.075949367088604
200.0
0
34.78260869565217
276.4705882352941
400.0
118.18181818181819
29.365079365079367
54.90196078431373
47.98994974874372
71.42857142857143
450.0
44.680851063829785
50.0
450.0
34.61538461538461
0.0
66.66666666666666
70.0
0.0
40.0
120.0
0
166.66666666666669
125.0
81.81818181818183
34.78260869565217
43.15789473684211
93.54838709677419
61.53846153846154
42.30769230769231
50.93457943925234
42.16589861751152
57.84313725490197
71.8232044198895
53.92156862745098
33.33333333333333
31.08108108108108
23.52941176470588
76.66666666666667
47.61904761904761
0
0
115.78947368421053
31.11111111111111
54.98281786941581
25.0
40.0
22.727272727272727
43.333333333333336
37.93103448275862
47.5609756097561
166.66666666666669
50.0
0
450.0
27.77777777777778
43.7037037037037
48.484848484848484
90.9090909090909
0
52.80898876404494
43.22916666666667
250.0
181.25
26.865671641791046
94.11764705882352
31.48148148148148
64.28571428571429
40.707964601769916
0
0.0
0
0
0
113.33333333333333
50.72463768115942
37.43589743589744
31.768953068592058
80.0
0
0
28.57142857142857
0
18.181818181818183
15.816326530612246
44.44444444444444
13.924050632911392
0
500.0
60.92307692307693
64.13974950560316
0.0
39.473684210526315
17.20430107526882
11.688311688311687
83.33333333333334
0
320.0
0
125.0
141.3793103448276
48.663101604278076
47.72727272727273
0
0
150.0
0
16.528925619834713
24.456521739130434
47.61904761904761
66.66666666666666
0
0
0.0
0.0
26.052631578947366
0
0.0
300.0
0.0
900.0
0
0
20.51282051282051
43.66197183098591
24.324324324324326
0
50.0
31.886227544910177
0
25.657894736842106
0
0
0
30.476190476190478
67.94310722100656
322.22222222222223
0
140.0
40.0
212.5
33.88429752066116
0.0
0
47.61904761904761
5.0
50.0
38.72340425531915
400.0
84.61538461538461
11.678832116788321
1533.3333333333335
40.38461538461539
42.857142857142854
0.0
0.0
3.8461538461538463
0
292.30769230769226
28.270042194092827
14.52513966480447
11.428571428571429
0
45.32967032967033
0
45.0
233.33333333333334
92.3076923076923
75.51020408163265
57.11009174311926
566.6666666666667
0
350.0
47.82608695652174
66.66666666666666
16.666666666666664
250.0
46.666666666666664
34.5679012345679
50.0
0.0
0
30.434782608695656
54.385964912280706
185.71428571428572
0
0
0.0
0
25.0
0
200.0
26.08695652173913
104.54545454545455
30.081300813008134
218.18181818181816
115.78947368421053
66.45569620253164
41.46341463414634
52.054794520547944
68.99563318777294
88.88888888888889
1700.0
0
0
30.434782608695656
25.71428571428571
6166.666666666666
81.95121951219512
100.60975609756098
80.25751072961373
25.0
100.0
0
23.4375
67.64705882352942
59.183673469387756
41.17647058823529
40.625
38.15789473684211
78.04878048780488
11300.0
33.68421052631579
0
0
1033.3333333333335
0.0
57.59493670886076
82.26415094339623
65.07936507936508
0
0
13.043478260869565
0
240.0
100.0
56.25
32.91139240506329
0
58.82352941176471
50.0
100.0
600.0
0.0
90.0
28.68217054263566
335.7142857142857
41.86046511627907
52.52525252525253
275.0
30.0
37.5
50.0
0
53.57142857142857
166.66666666666669
183.33333333333331
0
1650.0
0.0
64.1025641025641
37.38317757009346
1000.0
32.142857142857146
55.05154639175258
42.5531914893617
24.290220820189273
68.51851851851852
28.205128205128204
21.73913043478261
33.33333333333333
32.1608040201005
950.0
29.09090909090909
48.8135593220339
30.158730158730158
48.214285714285715
0
0
0
40.20618556701031
35.483870967741936
39.85507246376812
48.80294659300184
54.54545454545454
13.333333333333334
1150.0
35.84905660377358
32.075471698113205
0
29.72972972972973
90.0
31.899641577060933
23.25581395348837
73.68421052631578
108.33333333333333
17.56756756756757
33.82352941176471
128.57142857142858
17.857142857142858
32.391304347826086
35.63218390804598
85.71428571428571
14.705882352941178
15.625
20.0
157.14285714285714
108.33333333333333
54.54545454545454
31.70731707317073
72.0
0
66.66666666666666
64.86486486486487
48.51485148514851
45.38461538461539
48.760330578512395
23.26732673267327
84.84848484848484
34.65346534653465
36.36363636363637
36.318407960199
28.57142857142857
100.0
84.61538461538461
52.63157894736842
67.20430107526882
62.06896551724138
200.0
400.0
0
42.857142857142854
0
96.15384615384616
47.58064516129033
29.770992366412212
36.734693877551024
29.25531914893617
1325.0
39.30348258706468
68.8
35.869565217391305
24.404761904761905
60.97560975609756
31.818181818181817
2433.333333333333
650.0
29.195804195804197
45.033112582781456
15.789473684210526
15.384615384615385
25.748502994011975
26.785714285714285
39.53488372093023
33.91812865497076
60.0
40.71146245059288
36.666666666666664
10.48951048951049
114.28571428571428
61.03703703703703
77.78819119025304
28.8135593220339
44.44444444444444
29.005524861878452
111.11111111111111
25.0
0.0
48.888888888888886
45.60669456066946
70.0
27.27272727272727
45.012787723785166
38.095238095238095
25.675675675675674
50.0
150.0
29.896907216494846
18.3206106870229
22.78481012658228
34.78260869565217
33.65079365079365
28.421052631578945
27.27272727272727
95.30483531885073
92.19047619047619
1050.0
25.49019607843137
6150.0
0.0
29.130434782608695
52.75938189845475
20.491803278688526
50.0
31.818181818181817
83.33333333333334
0
26.0
36.496350364963504
22.348484848484848
16.666666666666664
0
29.166666666666668
0
27.027027027027028
50.0
27.27272727272727
193.33333333333334
35.8974358974359
20.54794520547945
88.88888888888889
70.0
26.08695652173913
1500.0
35.80246913580247
31.03448275862069
37.545126353790614
53.84615384615385
30.8411214953271
27.77777777777778
35.59322033898305
59.34959349593496
58.21596244131455
0.0
200.0
61.94690265486725
16.417910447761194
35.974304068522486
51.61290322580645
67.4264007597341
58.53333333333334
34.44444444444444
0
47.368421052631575
22.916666666666664
0
35.55555555555556
24.267782426778243
20.0
0.0
22.22222222222222
44.06779661016949
20.2020202020202
34.48275862068966
35.0
23.118279569892472
150.0
175.0
17.647058823529413
21.428571428571427
26.5625
15.384615384615385
48.704663212435236
32.12435233160622
142.10526315789474
109.75609756097562
31.291028446389497
41.104294478527606
750.0
54.54545454545454
52.459016393442624
48.80952380952381
63.25757575757576
45.83333333333333
25.423728813559322
90.9090909090909
35.59322033898305
54.230769230769226
90.625
244.44444444444446
425.0
100.0
20.224719101123593
40.909090909090914
32.450331125827816
41.605839416058394
43.30708661417323
32.53968253968254
41.11405835543766
41.66666666666667
40.0
76.92307692307693
32.35294117647059
204.54545454545453
0
78.94736842105263
0
48.888888888888886
0
0
32.57575757575758
32.6530612244898
28.24427480916031
57.46268656716418
63.47305389221557
32.35294117647059
21.69811320754717
56.65399239543726
24.271844660194176
105.55555555555556
35.55555555555556
75.0
46.31578947368421
93.91025641025641
59.021406727828754
22.22222222222222
38.46153846153847
0
20.0
84.375
28.57142857142857
19.753086419753085
38.38383838383838
459.99999999999994
0
0
54.166666666666664
0.0
33.064516129032256
57.89473684210527
0.0
90.9090909090909
325.0
52.34375
42.168674698795186
35.86497890295359
26.153846153846157
44.66230936819172
0
40.0
51.53846153846153
30.18867924528302
24.390243902439025
0.0
22.22222222222222
275.0
62.0
52.63157894736842
533.3333333333333
0.0
81.81818181818183
13.333333333333334
25.161290322580644
50.0
39.80582524271845
0
0
32.25806451612903
26.47058823529412
466.6666666666667
16.666666666666664
0
266.66666666666663
44.85981308411215
53.01204819277109
44.44444444444444
17.24137931034483
40.0
46.00760456273764
37.755102040816325
50.824175824175825
43.75
0
0
1366.6666666666665
100.0
0
0
0
0
0
0
0
0
0
0
0
0
0
0
100.0
10.112359550561797
6.666666666666667
280.0
81.4595660749507
66.72131147540983
40.60606060606061
99.69879518072288
69.86666666666666
38.56041131105398
27.887323943661972
0
8.695652173913043
16.23931623931624
0
10.77981651376147
0
0
0
0
0
0
0
0
0
0
0
0
0
0
0
0
40.909090909090914
3.763440860215054
0
0
0
54.54545454545454
0
0
0
0
0
0
0
0
0
0
933.3333333333334
4.3478260869565215
225.0
40.60721062618596
89.44723618090453
125.0
14.82889733840304
25.356125356125357
13.194444444444445
8.333333333333332
0
0
0
0
0
0
0
0
0
0
0
100.0
0
0
0
0
0
34.18940609951846
20.0
0
11.627906976744185
43.542435424354245
88.43896713615024
0
0
0
0
0
520.0
55.18262586377097
56.78119349005425
69.83883346124328
0
53.97951142631994
0.28109627547434995
18.81457313757477
41.55251141552511
0
0
0
0
0
0
200.0
0
0
20.0
4.166666666666666
0
0
0
0
0
0
0
55.55555555555556
0
0
0
0
0
0
0
0
0
0
0
200.0
22.58064516129032
59.51859956236324
0
0
0
0
0
0
73.91304347826086
0
27.380952380952383
47.848101265822784
23.076923076923077
0
0
0
0
0
0
0
0
48.38709677419355
46.15384615384615
0.0
0
0
0
0.0
0
0
0
0
0
0
0
0
0
0
0
0
0
0
0
0.0
0
0
0
0
0
0
0
0
0
0
0
0
0
0
0
0
0
0
0
0
0
0
0
0
0.0
0
0
0
0
0
0
0
0
0
0
50.0
31.818181818181817
1700.0
0.0
21.428571428571427
100.0
22.727272727272727
140.0
0
0
0
13.628899835796387
17.86786786786787
0
0
16.176470588235293
25.0
0
0
0
0
0
0
0
220.00000000000003
17.010309278350515
120.0
1266.6666666666665
0
17.77777777777778
0
0
0
0
0
0.0
18.181818181818183
0
0.0
166.66666666666669
183.33333333333331
100.0
0.0
0
0
0
0
0
0
0
0
63.63636363636363
35.990338164251206
0
0
500.0
0
0
0
0
0
0.0
0
3.571428571428571
23.458445040214475
0
0
0
0
0
50.11389521640092
43.00254452926209
0.0
0
0
600.0
71.42857142857143
17.449664429530202
0.0
28.888888888888886
12.121212121212121
14.853556485355648
24.390243902439025
0
0
0
0
0
0
0.0
511.1111111111111
0
0
0
0
1000.0
0.0
33.33333333333333
38.23529411764706
0
0
0
0
0
0
0
0
0
0
0
0
0
0
12.060301507537687
22.40663900414938
0
0
0
0
0.0
883.3333333333334
150.0
0
0
0
0
0
0
0
0
0
0.0
0
0
1750.0
0
0
0
0
0
1300.0
0
0
20.238095238095237
68.18181818181817
45.1219512195122
0
0
1000.0
0.0
0
0
0
0
0
0
18.181818181818183
0
0.0
133.33333333333331
0
0
0
0
0
0
0
0
0
0
0
71.23655913978494
31.19266055045872
0
0
0
137.5
0.0
750.0
0
0
0
0
0
0
0
0
250.0
16.371681415929203
4.3478260869565215
40.909090909090914
155.55555555555557
37.7
14.566929133858267
0
0.0
0.0
2750.0
0
0
0
0
200.0
31.25
0
0
1250.0
0.0
61.32596685082873
5150.0
0
0
0
0
0.0
14.173228346456693
14.84375
0
0
400.0
0.0
0
0
0
0
0
0
0
0
0
0
0
0
0
0
0
0
0
31.645569620253166
26.666666666666668
0
0
0
0
0
0
0
0
4900.0
0
0
0
0
0
0
0
0
0
285.7142857142857
0
300.0
0
0
0
0
0
0
0
0
0
0
0
0
30.078125
20.5
0
0
0
0
0
0
0
0
0
84.61538461538461
78.26086956521739
1100.0
0
0.0
200.0
0
0
0
0
0
15.068493150684931
32.057416267942585
0
0
0
0
0.0
0.0
0
0
0
0
0
0
4150.0
0
850.0
35.483870967741936
34.78260869565217
18.181818181818183
0.0
0
0
2400.0
0.0
0
350.0
0
0
0
0
0
0
0
0
466.6666666666667
0.0
0
0.0
0.0
0
100.0
0
62.5
100.0
0
0
0
0
60.416666666666664
33.33333333333333
0
0
0
0
0
0
100.0
0
160.0
0
0
12.903225806451612
26.47058823529412
0
0
0
0
100.0
0
0
14.444444444444443
34.45652173913044
0
28.421052631578945
18.994413407821227
27.27272727272727
69.23076923076923
0
36.58536585365854
0
0
32.6829268292683
6.315789473684211
0
0
27.083333333333332
0
0
19.047619047619047
0
0
0
0
0.0
0
1450.0
0
0
0
0
0
10.144927536231885
76.69039145907473
96.13343442001516
45.43589743589744
0
100.0
12.044817927170868
22.569444444444446
0
38.26714801444043
0
0
13.186813186813188
22.033898305084744
0
0
0
0
0
47.368421052631575
0
0
392.30769230769226
209.0909090909091
0
0
0
39.473684210526315
9.090909090909092
0
0
0
0.0
0
0.0
83.33333333333334
0
0
0
0
0.0
0
0
68.45238095238095
83.38278931750742
79.69543147208121
0
0
0
0
0
0
0
0
0.0
0
0
0
0
0
22.058823529411764
0
1050.0
0
0
0
26.439790575916227
28.78787878787879
0
0
0
0
0
0
0
0
0
162.5
0
0
0
43.24324324324324
0
0
0
0
0
0
21.428571428571427
0
0
0
0
35.714285714285715
0
0
0
0
0
0
0
0
0
0
44.44444444444444
466.6666666666667
7.2727272727272725
0
0
8.08383233532934
22.36842105263158
16.853932584269664
0.0
15.454545454545453
0
50.0
0
0
0.0
0
0
0
0
0
0.0
0
0
0
0
0
0
0
0
0
0
0
0
0
0
100.0
11.616161616161616
0
0
0
26.422764227642276
0
0.0
0
69.6774193548387
93.10722100656456
67.37044145873321
0.0
166.66666666666669
0
0
10.757946210268948
31.469979296066253
0
0
0
0
0.0
57.14285714285714
0
0
0
0
40.0
0
0
50.0
0
0
87.5
21.804511278195488
0
0
0
0
0
616.6666666666667
24.675324675324674
33.33333333333333
0
0
0
100.0
30.909090909090907
0
0
0
0
0.0
23.25581395348837
0
0
0
0
0
0
0
0
0
0
0
51.515151515151516
0
0
0
0
0
0
166.66666666666669
0
0
0
0
0
0
0
0
0
0
0
0
0
0
0
0
0
0
0
0
0
0
0
0
0
0
0
58.17972350230415
61.50943396226415
43.80165289256198
0
0
0
0
0
0
46.15384615384615
0.0
50.0
0
0
0
0
33.33333333333333
0
325.0
537.5
100.0
61.904761904761905
57.14285714285714
48.484848484848484
34.48275862068966
53.333333333333336
85.0
0.0
0
0
25.454545454545453
77.14285714285715
65.21739130434783
52.63157894736842
49.09090909090909
43.689320388349515
31.788079470198678
0.0
0
0
0
0
320.0
48.717948717948715
35.59322033898305
550.0
0
0.0
500.0
287.5
0
0
0.0
0
0
300.0
0
0.0
56.52173913043478
32.773109243697476
54.54545454545454
26.666666666666668
31.57894736842105
466.6666666666667
40.18691588785047
56.25
