65.38461538461539
81.48148148148148
36.84210526315789
64.28571428571429
55.55555555555556
87.5
31.818181818181817
71.11111111111111
75.0
114.28571428571428
58.69565217391305
47.82608695652174
31.147540983606557
18.446601941747574
63.41463414634146
118.75
40.625
68.18181818181817
96.29629629629629
79.06976744186046
29.605263157894733
43.13725490196079
47.22222222222222
52.38095238095239
218.18181818181816
37.5
29.850746268656714
58.333333333333336
120.0
153.84615384615387
275.0
131.57894736842107
78.26086956521739
123.07692307692308
76.47058823529412
73.52941176470588
100.0
34.48275862068966
55.769230769230774
110.34482758620689
21.774193548387096
93.33333333333333
42.857142857142854
48.0
58.82352941176471
88.23529411764706
50.0
50.0
35.0
70.58823529411765
60.0
51.724137931034484
44.44444444444444
68.18181818181817
59.09090909090909
59.67741935483871
86.66666666666667
16.831683168316832
59.64912280701754
67.85714285714286
67.56756756756756
91.8918918918919
57.446808510638306
41.81818181818181
80.0
30.0
65.0
123.80952380952381
68.0
85.71428571428571
50.0
51.42857142857142
30.327868852459016
154.54545454545453
41.66666666666667
53.48837209302325
57.14285714285714
80.0
14.516129032258066
68.96551724137932
55.55555555555556
30.303030303030305
57.49999999999999
61.53846153846154
108.0
65.38461538461539
43.859649122807014
112.00000000000001
56.25
109.52380952380953
61.53846153846154
25.0
48.484848484848484
31.818181818181817
64.28571428571429
34.61538461538461
52.38095238095239
114.28571428571428
42.5531914893617
40.98360655737705
88.88888888888889
68.42105263157895
56.09756097560976
100.0
73.68421052631578
50.0
77.5
85.71428571428571
65.21739130434783
90.9090909090909
41.935483870967744
112.00000000000001
93.33333333333333
57.89473684210527
57.692307692307686
36.231884057971016
88.23529411764706
21.62162162162162
85.18518518518519
57.692307692307686
67.64705882352942
42.42424242424242
46.15384615384615
58.82352941176471
73.91304347826086
146.15384615384613
56.52173913043478
64.28571428571429
63.888888888888886
44.680851063829785
177.77777777777777
71.42857142857143
52.0
50.943396226415096
56.81818181818182
45.714285714285715
71.7948717948718
129.16666666666669
63.33333333333333
118.18181818181819
57.89473684210527
83.33333333333334
58.06451612903226
57.14285714285714
50.0
86.95652173913044
44.680851063829785
75.0
61.904761904761905
42.857142857142854
37.03703703703704
41.81818181818181
64.70588235294117
65.78947368421053
58.620689655172406
110.71428571428572
65.38461538461539
71.875
94.87179487179486
62.71186440677966
43.58974358974359
46.666666666666664
95.83333333333334
100.0
100.0
72.41379310344827
66.66666666666666
46.15384615384615
142.10526315789474
27.536231884057973
41.66666666666667
77.41935483870968
43.47826086956522
141.1764705882353
144.44444444444443
40.909090909090914
63.41463414634146
50.0
52.77777777777778
82.35294117647058
66.66666666666666
77.77777777777779
50.0
160.0
64.70588235294117
87.5
70.0
22.22222222222222
61.53846153846154
95.0
100.0
76.92307692307693
61.53846153846154
30.555555555555557
133.33333333333331
87.5
88.23529411764706
59.25925925925925
113.33333333333333
81.81818181818183
161.53846153846155
35.714285714285715
79.16666666666666
40.0
65.38461538461539
52.94117647058824
50.0
73.91304347826086
78.26086956521739
56.666666666666664
92.85714285714286
62.16216216216216
77.27272727272727
60.0
50.72463768115942
83.33333333333334
36.76470588235294
88.88888888888889
80.48780487804879
82.35294117647058
60.0
50.0
34.84848484848485
76.92307692307693
48.275862068965516
64.70588235294117
80.64516129032258
58.333333333333336
41.37931034482759
36.36363636363637
48.93617021276596
70.37037037037037
103.84615384615385
37.704918032786885
115.78947368421053
37.5
137.5
49.18032786885246
82.14285714285714
105.26315789473684
76.19047619047619
55.10204081632652
65.21739130434783
81.81818181818183
73.68421052631578
82.35294117647058
78.94736842105263
85.0
130.76923076923077
28.57142857142857
53.84615384615385
122.22222222222223
42.465753424657535
41.46341463414634
62.96296296296296
46.15384615384615
25.806451612903224
66.66666666666666
54.54545454545454
27.450980392156865
27.86885245901639
81.57894736842105
2.9850746268656714
64.0
84.61538461538461
3.755868544600939
11.949685534591195
34.285714285714285
25.37313432835821
36.95652173913043
11.258278145695364
62.5
20.454545454545457
53.333333333333336
31.73076923076923
24.390243902439025
52.307692307692314
26.47058823529412
5.555555555555555
88.0
35.294117647058826
68.42105263157895
40.707964601769916
25.64102564102564
22.22222222222222
34.375
11.055276381909549
19.852941176470587
48.64864864864865
190.3225806451613
47.91666666666667
44.73684210526316
5.726872246696035
10.81081081081081
46.15384615384615
60.60606060606061
20.833333333333336
12.295081967213115
67.85714285714286
26.744186046511626
35.08771929824561
6.209150326797386
22.36842105263158
42.1875
17.543859649122805
69.23076923076923
47.27272727272727
90.9090909090909
37.17948717948718
109.09090909090908
2.3728813559322033
7.303370786516854
43.75
47.72727272727273
40.909090909090914
38.57142857142858
64.28571428571429
1.6597510373443984
64.70588235294117
27.586206896551722
50.0
49.122807017543856
93.75
63.33333333333333
52.5
20.481927710843372
50.98039215686274
2.0325203252032518
5.864197530864197
111.53846153846155
71.83098591549296
70.83333333333334
35.38461538461539
59.375
66.66666666666666
70.73170731707317
88.37209302325581
105.0
51.78571428571429
54.285714285714285
46.42857142857143
25.454545454545453
70.83333333333334
57.57575757575758
29.6875
26.0
22.916666666666664
32.38095238095238
26.865671641791046
22.340425531914892
11.377245508982035
38.46153846153847
7.653061224489796
31.147540983606557
1.7110266159695817
7.43801652892562
55.223880597014926
48.38709677419355
69.0909090909091
46.808510638297875
25.71428571428571
53.333333333333336
28.57142857142857
20.588235294117645
49.056603773584904
28.125
63.63636363636363
8.715596330275229
3.1446540880503147
22.388059701492537
41.333333333333336
25.609756097560975
76.19047619047619
42.62295081967213
50.0
11.278195488721805
41.86046511627907
40.909090909090914
27.173913043478258
52.72727272727272
69.35483870967742
75.60975609756098
17.72151898734177
48.97959183673469
59.25925925925925
39.53488372093023
65.625
38.095238095238095
0.0
9.497206703910614
22.68041237113402
84.12698412698413
77.14285714285715
33.82352941176471
36.27450980392157
21.153846153846153
63.46153846153846
24.390243902439025
1.4204545454545454
31.57894736842105
33.33333333333333
39.285714285714285
93.75
6.074766355140187
69.49152542372882
40.32258064516129
10.116731517509727
48.38709677419355
17.117117117117118
46.03174603174603
6.6350710900473935
10.909090909090908
38.88888888888889
58.139534883720934
31.25
11.428571428571429
72.72727272727273
30.18867924528302
30.864197530864196
61.53846153846154
26.25
48.888888888888886
51.35135135135135
33.76623376623377
44.44444444444444
108.8235294117647
20.408163265306122
157.14285714285714
71.875
65.38461538461539
10.526315789473683
58.536585365853654
30.0
14.754098360655737
28.155339805825243
32.20338983050847
42.857142857142854
87.17948717948718
67.64705882352942
61.81818181818181
36.36363636363637
15.151515151515152
26.785714285714285
23.076923076923077
19.28571428571429
56.00000000000001
13.725490196078432
60.0
88.46153846153845
81.57894736842105
32.25806451612903
29.850746268656714
56.14035087719298
50.0
75.67567567567568
43.05555555555556
44.44444444444444
57.692307692307686
37.634408602150536
22.608695652173914
28.947368421052634
42.30769230769231
45.83333333333333
56.09756097560976
16.153846153846153
29.629629629629626
195.0
10.452961672473867
58.333333333333336
53.44827586206896
48.64864864864865
32.432432432432435
160.0
45.45454545454545
18.181818181818183
110.71428571428572
57.77777777777777
58.46153846153847
69.81132075471697
53.125
46.42857142857143
75.0
71.42857142857143
91.66666666666666
27.27272727272727
65.78947368421053
28.125
39.743589743589745
32.30769230769231
5.6105610561056105
55.81395348837209
55.769230769230774
95.45454545454545
57.8125
63.33333333333333
34.523809523809526
17.59259259259259
47.368421052631575
87.87878787878788
35.13513513513514
11.24031007751938
78.57142857142857
37.5
28.8135593220339
26.785714285714285
7.968127490039841
51.85185185185185
32.6530612244898
29.82456140350877
24.545454545454547
56.36363636363636
81.25
35.3448275862069
42.0
57.57575757575758
82.35294117647058
70.0
62.903225806451616
23.076923076923077
85.41666666666666
30.18867924528302
33.85826771653544
21.904761904761905
70.83333333333334
67.79661016949152
69.56521739130434
7.368421052631578
65.9090909090909
74.19354838709677
55.00000000000001
121.42857142857142
48.529411764705884
33.70786516853933
46.42857142857143
24.742268041237114
85.0
48.78048780487805
64.70588235294117
27.21518987341772
58.82352941176471
71.05263157894737
20.72072072072072
87.09677419354838
55.00000000000001
47.368421052631575
67.85714285714286
47.706422018348626
51.42857142857142
28.947368421052634
2.1359223300970873
54.285714285714285
41.509433962264154
34.177215189873415
32.758620689655174
8.520179372197308
4.0
4.41988950276243
22.105263157894736
35.13513513513514
4.778156996587031
20.610687022900763
63.1578947368421
58.82352941176471
70.58823529411765
146.66666666666666
5.319148936170213
22.88135593220339
46.666666666666664
4.788732394366197
40.0
0.0
2.48868778280543
0.7462686567164178
18.115942028985508
40.816326530612244
67.74193548387096
6.666666666666667
1.125703564727955
31.654676258992804
28.448275862068968
4.098360655737705
0.48543689320388345
26.923076923076923
0.9501187648456058
6.185567010309279
26.666666666666668
3.65296803652968
7.777777777777778
2.9661016949152543
25.730994152046783
27.848101265822784
4.97737556561086
26.436781609195403
21.578947368421055
1.8181818181818181
48.0
3.571428571428571
3.225806451612903
9.547738693467336
15.584415584415584
0.7614213197969544
6.140350877192982
4.562737642585551
3.237410071942446
3.2078103207810322
5.363984674329502
1.0570824524312896
10.81081081081081
1.3468013468013467
12.213740458015266
2.886247877758913
79.48717948717949
2.0533880903490758
1.6611295681063125
1.532567049808429
50.90909090909091
41.55844155844156
13.698630136986301
13.917525773195877
1600.0
59.45945945945946
18.072289156626507
26.76056338028169
3.278688524590164
38.46153846153847
4.275534441805226
17.796610169491526
5.617977528089887
10.256410256410255
2.1505376344086025
33.33333333333333
34.831460674157306
2.8846153846153846
69.6969696969697
63.04347826086957
40.69767441860465
0.0
1.4204545454545454
5.6521739130434785
50.0
14.705882352941178
1.0380622837370241
13.924050632911392
82.6923076923077
1.2517385257301807
28.90625
9.731543624161073
39.682539682539684
13.26530612244898
29.88505747126437
2.462121212121212
80.35714285714286
112.5
3.1746031746031744
23.62204724409449
51.66666666666667
2.0804438280166435
0.8417508417508417
3.2590051457975986
3.902439024390244
40.625
42.10526315789473
56.666666666666664
12.0
91.30434782608695
7.659574468085106
8.673469387755102
138.46153846153845
5.439330543933055
10.152284263959391
77.77777777777779
7.4324324324324325
22.5
40.0
166.66666666666669
16.3265306122449
37.83783783783784
41.46341463414634
16.883116883116884
3.9260969976905313
14.12639405204461
16.666666666666664
52.0
62.264150943396224
38.961038961038966
6.222222222222222
17.037037037037038
26.356589147286826
29.11392405063291
64.0
9.274193548387096
6.470588235294119
8.064516129032258
9.770114942528735
8.92018779342723
13.157894736842104
5.0
24.390243902439025
48.93617021276596
29.333333333333332
2.933333333333333
11.180124223602485
7.552083333333333
5.7251908396946565
34.48275862068966
18.633540372670808
8.994708994708994
2.96875
14.324324324324325
27.659574468085108
27.659574468085108
28.205128205128204
32.758620689655174
8.764940239043826
29.03225806451613
11.11111111111111
30.76923076923077
23.809523809523807
8.783783783783784
71.42857142857143
1.36986301369863
14.049586776859504
38.297872340425535
0.3472222222222222
2.6166097838452784
10.034602076124568
1.502145922746781
0.911854103343465
0.4132231404958678
23.863636363636363
0.21645021645021645
4.426559356136821
29.508196721311474
45.23809523809524
31.25
64.28571428571429
56.09756097560976
54.166666666666664
33.33333333333333
57.14285714285714
76.92307692307693
47.14285714285714
114.28571428571428
46.808510638297875
84.61538461538461
62.5
52.27272727272727
47.368421052631575
59.09090909090909
18.269230769230766
30.263157894736842
45.0
80.0
85.18518518518519
25.0
80.0
69.23076923076923
39.436619718309856
50.0
94.73684210526315
59.09090909090909
47.05882352941176
47.368421052631575
54.285714285714285
36.36363636363637
74.07407407407408
72.22222222222221
69.23076923076923
36.7816091954023
35.483870967741936
47.368421052631575
51.42857142857142
65.85365853658537
60.97560975609756
26.153846153846157
67.64705882352942
40.816326530612244
60.0
57.77777777777777
22.0
63.41463414634146
42.857142857142854
43.24324324324324
55.172413793103445
135.0
34.523809523809526
70.0
27.419354838709676
47.61904761904761
93.75
60.71428571428571
40.42553191489361
91.66666666666666
35.064935064935064
92.0
69.76744186046511
29.09090909090909
26.0
103.125
61.76470588235294
38.18181818181819
31.32530120481928
75.86206896551724
47.368421052631575
94.44444444444444
71.7948717948718
53.57142857142857
17.322834645669293
129.72972972972974
44.230769230769226
27.559055118110237
59.57446808510638
60.97560975609756
45.714285714285715
39.130434782608695
65.51724137931035
42.028985507246375
38.88888888888889
42.22222222222222
19.090909090909093
6.923076923076923
68.75
46.478873239436616
78.26086956521739
42.857142857142854
21.782178217821784
72.0
43.75
42.10526315789473
37.77777777777778
38.0
35.55555555555556
2.1551724137931036
27.659574468085108
13.571428571428571
21.875
5.88235294117647
10.743801652892563
44.44444444444444
2.586206896551724
5.46448087431694
35.96491228070175
24.761904761904763
51.19047619047619
40.0
22.900763358778626
30.851063829787233
30.64516129032258
14.000000000000002
27.710843373493976
11.842105263157894
39.62264150943396
35.714285714285715
38.23529411764706
32.89473684210527
37.83783783783784
38.297872340425535
24.561403508771928
3.4246575342465753
44.827586206896555
41.509433962264154
30.392156862745097
41.46341463414634
4.271356783919598
10.975609756097562
42.857142857142854
3.5051546391752577
42.592592592592595
11.206896551724139
23.52941176470588
4.861111111111112
1.5665796344647518
36.92307692307693
16.379310344827587
89.65517241379311
21.73913043478261
20.73170731707317
40.74074074074074
54.54545454545454
26.881720430107524
111.42857142857143
38.70967741935484
25.0
73.07692307692307
86.66666666666667
34.65346534653465
233.33333333333334
32.89473684210527
100.0
58.333333333333336
135.71428571428572
18.0327868852459
47.368421052631575
50.877192982456144
53.84615384615385
54.166666666666664
48.64864864864865
61.111111111111114
18.81188118811881
65.21739130434783
51.21951219512195
42.10526315789473
38.297872340425535
35.294117647058826
83.87096774193549
70.58823529411765
42.10526315789473
166.66666666666669
63.46153846153846
81.25
39.6551724137931
85.71428571428571
37.333333333333336
57.14285714285714
37.5
56.25
64.70588235294117
60.46511627906976
50.0
144.44444444444443
56.25
41.66666666666667
75.0
87.5
28.26086956521739
95.0
118.75
55.932203389830505
22.535211267605636
21.21212121212121
26.027397260273972
64.0
74.19354838709677
22.857142857142858
95.45454545454545
30.23255813953488
90.625
58.82352941176471
59.183673469387756
52.72727272727272
50.0
52.94117647058824
21.11111111111111
77.41935483870968
47.540983606557376
41.935483870967744
44.11764705882353
44.44444444444444
33.33333333333333
68.42105263157895
48.64864864864865
21.49532710280374
45.45454545454545
28.767123287671232
17.218543046357617
36.283185840707965
21.929824561403507
8.02139037433155
26.666666666666668
34.54545454545455
6.22568093385214
25.0
13.738019169329075
61.76470588235294
19.230769230769234
14.012738853503185
12.10762331838565
18.095238095238095
67.21311475409836
28.04878048780488
44.680851063829785
19.083969465648856
7.051282051282051
22.58064516129032
20.833333333333336
35.526315789473685
45.588235294117645
0.79155672823219
35.483870967741936
19.387755102040817
16.38418079096045
23.58490566037736
18.253968253968253
134.0909090909091
40.27777777777778
12.209302325581394
25.925925925925924
50.0
11.594202898550725
9.836065573770492
28.000000000000004
14.761904761904763
10.884353741496598
30.434782608695656
20.5607476635514
39.77272727272727
31.818181818181817
15.432098765432098
37.07865168539326
15.0
11.904761904761903
33.87096774193548
27.522935779816514
31.182795698924732
38.70967741935484
17.21311475409836
38.88888888888889
7.038123167155426
81.81818181818183
32.29166666666667
37.3134328358209
24.166666666666668
45.07042253521127
50.92592592592593
3.6674816625916873
8.307692307692308
4.694835680751173
19.078947368421055
57.57575757575758
28.125
11.666666666666666
17.391304347826086
19.696969696969695
33.72093023255814
60.0
27.173913043478258
22.916666666666664
14.14141414141414
55.55555555555556
24.691358024691358
39.436619718309856
52.85714285714286
46.3768115942029
37.5
45.83333333333333
17.77777777777778
27.083333333333332
24.719101123595504
15.979381443298967
57.14285714285714
30.434782608695656
9.836065573770492
25.0
8.552631578947368
40.909090909090914
58.536585365853654
5.333333333333334
22.58064516129032
26.27118644067797
18.6046511627907
52.307692307692314
22.22222222222222
11.428571428571429
13.333333333333334
33.33333333333333
46.666666666666664
22.875816993464053
21.35922330097087
26.851851851851855
9.090909090909092
19.444444444444446
43.39622641509434
54.54545454545454
58.333333333333336
57.14285714285714
47.61904761904761
48.57142857142857
75.0
85.71428571428571
71.42857142857143
29.78723404255319
33.33333333333333
17.647058823529413
35.0
36.84210526315789
43.93939393939394
23.636363636363637
47.05882352941176
26.53061224489796
31.03448275862069
52.83018867924528
44.827586206896555
57.14285714285714
46.15384615384615
30.23255813953488
43.47826086956522
48.529411764705884
74.07407407407408
23.333333333333332
100.0
33.33333333333333
27.848101265822784
37.77777777777778
20.0
118.33333333333333
51.162790697674424
32.142857142857146
20.869565217391305
28.346456692913385
5.93607305936073
35.82089552238806
50.0
73.68421052631578
26.984126984126984
94.5945945945946
25.37313432835821
33.33333333333333
62.5
23.75
41.333333333333336
45.94594594594595
50.0
9.30232558139535
6.086956521739131
21.73913043478261
36.206896551724135
50.0
42.857142857142854
33.87096774193548
27.659574468085108
15.873015873015872
81.81818181818183
55.55555555555556
12.280701754385964
59.375
25.0
36.0
37.234042553191486
29.88505747126437
33.33333333333333
28.57142857142857
45.23809523809524
33.33333333333333
16.3265306122449
8.823529411764707
42.30769230769231
68.42105263157895
39.62264150943396
44.44444444444444
47.69230769230769
67.10526315789474
17.045454545454543
68.18181818181817
57.89473684210527
43.333333333333336
42.5
25.396825396825395
10.0
64.70588235294117
34.95145631067961
32.83582089552239
125.0
50.0
52.63157894736842
32.20338983050847
53.57142857142857
74.50980392156863
110.00000000000001
60.0
33.33333333333333
27.941176470588236
57.446808510638306
54.6875
69.6969696969697
42.857142857142854
24.6031746031746
53.65853658536586
52.083333333333336
51.470588235294116
46.51162790697674
63.46153846153846
28.125
30.158730158730158
38.88888888888889
32.69230769230769
84.61538461538461
64.70588235294117
34.146341463414636
58.18181818181818
46.34146341463415
38.88888888888889
53.44827586206896
25.925925925925924
56.52173913043478
35.064935064935064
46.666666666666664
24.545454545454547
51.92307692307693
43.75
85.71428571428571
42.22222222222222
15.384615384615385
50.0
65.95744680851064
64.1025641025641
54.285714285714285
53.44827586206896
63.33333333333333
17.045454545454543
58.69565217391305
64.44444444444444
44.18604651162791
50.847457627118644
28.40909090909091
51.28205128205128
30.392156862745097
24.0
48.0
91.66666666666666
39.21568627450981
38.59649122807017
10.638297872340425
82.35294117647058
40.35087719298245
34.065934065934066
77.77777777777779
50.0
43.24324324324324
12.82051282051282
57.14285714285714
50.0
38.88888888888889
62.857142857142854
27.86885245901639
53.191489361702125
53.333333333333336
45.45454545454545
33.69565217391305
55.26315789473685
58.333333333333336
32.29166666666667
0.8310249307479225
94.73684210526315
57.49999999999999
76.19047619047619
48.93617021276596
75.0
62.96296296296296
50.0
31.03448275862069
38.59649122807017
43.39622641509434
42.465753424657535
46.55172413793103
67.64705882352942
38.57142857142858
44.11764705882353
87.09677419354838
43.103448275862064
40.54054054054054
73.17073170731707
52.5
66.66666666666666
41.55844155844156
32.6530612244898
42.25352112676056
52.38095238095239
51.724137931034484
18.085106382978726
96.42857142857143
37.5
31.03448275862069
59.42028985507246
19.35483870967742
34.61538461538461
28.08988764044944
35.2112676056338
13.445378151260504
84.21052631578947
32.30769230769231
20.353982300884958
60.0
60.0
42.5531914893617
40.0
71.42857142857143
32.69230769230769
35.714285714285715
35.08771929824561
61.53846153846154
35.714285714285715
35.95505617977528
53.125
65.21739130434783
28.846153846153843
15.841584158415841
45.16129032258064
77.14285714285715
46.2962962962963
39.473684210526315
48.0
54.71698113207547
34.61538461538461
28.57142857142857
71.11111111111111
56.94444444444444
9.25925925925926
28.947368421052634
90.0
27.692307692307693
80.0
57.89473684210527
41.17647058823529
41.17647058823529
47.706422018348626
36.36363636363637
157.14285714285714
33.33333333333333
45.614035087719294
63.04347826086957
67.3469387755102
1.37524557956778
68.18181818181817
54.83870967741935
71.42857142857143
48.38709677419355
57.14285714285714
150.0
54.23728813559322
32.608695652173914
54.0
42.857142857142854
50.0
28.30188679245283
39.285714285714285
14.184397163120568
71.42857142857143
27.884615384615387
42.857142857142854
45.83333333333333
73.33333333333333
43.66197183098591
70.58823529411765
75.0
81.25
40.98360655737705
88.46153846153845
84.61538461538461
45.614035087719294
56.00000000000001
42.5
3.821656050955414
48.38709677419355
50.0
39.53488372093023
61.111111111111114
37.5
57.14285714285714
26.5625
35.2112676056338
39.682539682539684
61.904761904761905
55.88235294117647
32.967032967032964
41.11111111111111
26.08695652173913
40.0
95.83333333333334
43.63636363636363
37.142857142857146
36.84210526315789
25.24271844660194
54.285714285714285
21.21212121212121
60.0
62.5
60.0
48.0
34.54545454545455
30.952380952380953
80.0
71.42857142857143
44.11764705882353
44.827586206896555
39.436619718309856
37.254901960784316
45.28301886792453
77.27272727272727
11.881188118811881
54.285714285714285
35.0
44.680851063829785
106.12244897959184
46.774193548387096
45.16129032258064
34.177215189873415
74.07407407407408
61.904761904761905
50.0
100.0
48.57142857142857
25.757575757575758
26.785714285714285
46.774193548387096
40.243902439024396
42.62295081967213
41.509433962264154
55.81395348837209
61.702127659574465
73.52941176470588
95.65217391304348
19.84732824427481
80.76923076923077
43.47826086956522
77.41935483870968
29.508196721311474
21.29032258064516
57.14285714285714
34.04255319148936
49.42528735632184
47.27272727272727
21.686746987951807
29.268292682926827
39.473684210526315
36.36363636363637
57.14285714285714
32.075471698113205
43.24324324324324
62.96296296296296
63.41463414634146
17.05426356589147
56.09756097560976
71.42857142857143
71.42857142857143
18.67469879518072
33.82352941176471
51.162790697674424
48.214285714285715
50.66666666666667
42.592592592592595
42.857142857142854
54.666666666666664
70.96774193548387
21.62162162162162
66.66666666666666
46.15384615384615
34.065934065934066
53.125
33.9622641509434
25.49019607843137
47.61904761904761
41.66666666666667
60.60606060606061
56.75675675675676
13.333333333333334
81.81818181818183
94.44444444444444
35.0
87.87878787878788
30.508474576271187
61.111111111111114
32.69230769230769
49.25373134328358
85.71428571428571
42.10526315789473
36.0
63.63636363636363
128.57142857142858
36.708860759493675
166.66666666666669
53.48837209302325
38.095238095238095
70.73170731707317
56.09756097560976
88.46153846153845
8.780487804878048
69.6969696969697
61.53846153846154
50.90909090909091
16.0
66.0
30.76923076923077
25.64102564102564
34.04255319148936
60.0
44.230769230769226
90.9090909090909
56.60377358490566
45.91836734693878
50.0
7.857142857142857
60.0
32.53012048192771
28.448275862068968
66.66666666666666
53.125
50.74626865671642
82.35294117647058
63.63636363636363
86.95652173913044
76.66666666666667
29.03225806451613
36.11111111111111
18.0
150.0
8.757062146892656
67.3913043478261
32.22222222222222
34.65346534653465
16.535433070866144
6.989247311827956
34.66666666666667
49.23076923076923
23.711340206185564
36.17021276595745
55.00000000000001
33.0188679245283
38.88888888888889
51.21951219512195
58.333333333333336
24.576271186440678
34.523809523809526
56.666666666666664
53.65853658536586
39.6551724137931
51.19047619047619
44.26229508196721
47.72727272727273
71.42857142857143
48.10126582278481
58.490566037735846
14.516129032258066
38.2716049382716
40.25974025974026
71.42857142857143
27.536231884057973
81.48148148148148
43.47826086956522
37.2093023255814
36.84210526315789
19.148936170212767
52.94117647058824
76.19047619047619
60.60606060606061
34.21052631578947
30.434782608695656
14.15929203539823
84.0909090909091
37.93103448275862
48.4375
23.636363636363637
9.565217391304348
82.14285714285714
76.59574468085107
58.06451612903226
30.158730158730158
20.51282051282051
38.63636363636363
141.66666666666669
58.620689655172406
58.97435897435898
25.842696629213485
43.18181818181818
45.67901234567901
28.000000000000004
43.93939393939394
33.33333333333333
43.24324324324324
37.68115942028986
36.17021276595745
46.666666666666664
115.38461538461537
73.91304347826086
75.0
50.0
46.666666666666664
42.10526315789473
63.33333333333333
44.57831325301205
66.66666666666666
47.5
76.08695652173914
38.095238095238095
40.38461538461539
40.0
64.51612903225806
40.625
30.23255813953488
53.191489361702125
60.0
33.33333333333333
51.92307692307693
52.72727272727272
55.26315789473685
34.69387755102041
67.3913043478261
48.837209302325576
69.49152542372882
48.837209302325576
46.05263157894737
31.818181818181817
63.1578947368421
35.714285714285715
100.0
43.54838709677419
55.26315789473685
69.23076923076923
46.808510638297875
32.608695652173914
66.66666666666666
26.174496644295303
43.24324324324324
74.07407407407408
22.35294117647059
53.06122448979592
31.818181818181817
69.56521739130434
45.83333333333333
47.61904761904761
100.0
42.857142857142854
4.451038575667656
10.638297872340425
30.0
31.372549019607842
87.5
40.0
48.888888888888886
32.20338983050847
53.333333333333336
192.85714285714286
37.096774193548384
54.166666666666664
47.61904761904761
200.0
37.3134328358209
70.58823529411765
51.21951219512195
48.78048780487805
22.22222222222222
89.74358974358975
49.09090909090909
17.763157894736842
55.172413793103445
58.536585365853654
54.41176470588235
56.896551724137936
47.5
27.397260273972602
70.58823529411765
15.527950310559005
72.0
25.64102564102564
100.0
33.33333333333333
89.36170212765957
16.428571428571427
77.77777777777779
54.11764705882353
58.333333333333336
34.523809523809526
24.0
55.172413793103445
39.21568627450981
34.69387755102041
56.25
59.45945945945946
56.666666666666664
7.717041800643088
71.875
46.835443037974684
72.09302325581395
31.06796116504854
39.705882352941174
43.103448275862064
33.33333333333333
24.752475247524753
81.81818181818183
38.333333333333336
65.0
31.76470588235294
32.20338983050847
19.469026548672566
52.94117647058824
72.72727272727273
40.65934065934066
61.904761904761905
91.11111111111111
30.76923076923077
66.66666666666666
57.99999999999999
36.734693877551024
35.63218390804598
63.829787234042556
32.55813953488372
45.588235294117645
87.5
68.42105263157895
100.0
51.85185185185185
48.07692307692308
47.27272727272727
39.473684210526315
45.3125
38.333333333333336
47.540983606557376
54.166666666666664
11.363636363636363
53.57142857142857
45.76271186440678
33.33333333333333
70.0
47.27272727272727
53.84615384615385
67.85714285714286
47.72727272727273
50.0
31.57894736842105
40.74074074074074
66.66666666666666
45.45454545454545
46.42857142857143
75.0
40.909090909090914
48.148148148148145
123.6842105263158
53.84615384615385
30.76923076923077
63.63636363636363
30.303030303030305
55.35714285714286
62.16216216216216
84.84848484848484
35.18518518518518
85.29411764705883
41.37931034482759
95.83333333333334
55.932203389830505
65.21739130434783
55.10204081632652
35.2112676056338
29.7029702970297
63.63636363636363
88.88888888888889
35.38461538461539
64.28571428571429
67.3076923076923
44.44444444444444
62.5
40.0
25.0
67.3076923076923
70.58823529411765
22.131147540983605
44.5945945945946
35.0
45.0
40.35087719298245
22.666666666666664
64.28571428571429
45.45454545454545
37.704918032786885
45.714285714285715
41.37931034482759
300.0
48.78048780487805
65.71428571428571
60.86956521739131
26.153846153846157
64.70588235294117
33.89830508474576
39.02439024390244
58.69565217391305
54.54545454545454
58.139534883720934
42.1875
69.44444444444444
3.9408866995073892
39.02439024390244
56.86274509803921
39.39393939393939
34.146341463414636
76.92307692307693
58.333333333333336
35.294117647058826
62.5
44.44444444444444
39.285714285714285
5.214723926380368
27.083333333333332
44.61538461538462
26.582278481012654
25.287356321839084
61.33333333333333
46.666666666666664
25.833333333333336
19.090909090909093
23.076923076923077
72.41379310344827
32.5
37.77777777777778
38.70967741935484
25.333333333333336
60.317460317460316
18.181818181818183
60.526315789473685
56.09756097560976
52.85714285714286
37.5
60.86956521739131
76.92307692307693
34.285714285714285
70.58823529411765
26.666666666666668
13.978494623655912
13.496932515337424
34.090909090909086
30.708661417322837
16.176470588235293
56.666666666666664
48.0
28.333333333333332
38.15789473684211
41.66666666666667
40.44943820224719
41.66666666666667
43.47826086956522
39.49579831932773
36.986301369863014
46.51162790697674
14.285714285714285
22.689075630252102
13.422818791946309
44.18604651162791
68.0
43.333333333333336
52.38095238095239
33.87096774193548
60.0
38.80597014925373
68.18181818181817
88.88888888888889
33.9622641509434
51.5625
39.130434782608695
60.97560975609756
33.33333333333333
6.7669172932330826
67.64705882352942
43.103448275862064
44.11764705882353
51.28205128205128
51.11111111111111
47.91666666666667
61.53846153846154
33.33333333333333
22.52252252252252
46.15384615384615
20.37037037037037
56.52173913043478
29.508196721311474
39.285714285714285
61.111111111111114
25.352112676056336
6.8181818181818175
25.287356321839084
90.0
52.63157894736842
9.13978494623656
22.666666666666664
13.134328358208954
32.25806451612903
36.206896551724135
12.643678160919542
37.5
61.29032258064516
21.774193548387096
63.63636363636363
45.65217391304348
54.54545454545454
109.52380952380953
53.125
37.735849056603776
6.557377049180328
22.07792207792208
40.35087719298245
67.94871794871796
62.295081967213115
34.54545454545455
91.66666666666666
68.75
34.78260869565217
7.352941176470589
13.898305084745763
12.101910828025478
21.62162162162162
10.5
32.22222222222222
32.142857142857146
10.38961038961039
42.857142857142854
20.0
34.375
47.05882352941176
54.166666666666664
37.03703703703704
53.333333333333336
36.36363636363637
73.68421052631578
18.421052631578945
45.3125
30.434782608695656
14.563106796116504
21.35922330097087
29.268292682926827
15.555555555555555
46.51162790697674
5.714285714285714
43.18181818181818
86.36363636363636
16.76300578034682
30.136986301369863
55.55555555555556
3.597122302158273
35.0
18.181818181818183
42.64705882352941
25.71428571428571
34.24657534246575
28.971962616822427
15.384615384615385
10.476190476190476
25.274725274725274
22.772277227722775
42.22222222222222
27.835051546391753
8.83977900552486
40.0
42.857142857142854
33.82352941176471
39.436619718309856
8.91089108910891
14.705882352941178
48.38709677419355
45.614035087719294
18.91891891891892
11.724137931034482
62.295081967213115
18.6046511627907
26.31578947368421
32.758620689655174
11.965811965811966
12.418300653594772
53.06122448979592
48.61111111111111
62.7906976744186
30.23255813953488
43.93939393939394
54.807692307692314
23.711340206185564
50.76923076923077
48.0
31.666666666666664
41.9753086419753
93.10344827586206
25.925925925925924
3.32541567695962
44.21052631578947
43.69747899159664
3.761755485893417
3.050847457627119
10.0
47.706422018348626
38.333333333333336
46.98795180722892
63.63636363636363
57.99999999999999
54.761904761904766
38.88888888888889
36.79245283018868
2.6022304832713754
30.526315789473685
64.91228070175438
50.0
17.857142857142858
16.101694915254235
13.106796116504855
93.75
14.285714285714285
65.07936507936508
56.09756097560976
2.6785714285714284
53.125
17.46031746031746
18.51851851851852
26.011560693641616
47.16981132075472
6.763285024154589
10.42654028436019
5.980066445182724
72.41379310344827
64.1025641025641
48.837209302325576
43.333333333333336
39.56043956043956
47.368421052631575
25.862068965517242
216.66666666666666
46.34146341463415
17.796610169491526
57.14285714285714
22.875816993464053
43.83561643835616
40.298507462686565
40.909090909090914
40.0
21.311475409836063
17.431192660550458
3.6363636363636362
10.588235294117647
17.647058823529413
4.580152671755725
9.047619047619047
1.3565891472868217
5.833333333333333
49.01960784313725
14.074074074074074
8.203125
7.142857142857142
12.162162162162163
5.14018691588785
25.735294117647058
9.398496240601503
3.485838779956427
6.293706293706294
15.384615384615385
54.09836065573771
5.818181818181818
0.4464285714285714
18.23204419889503
18.34862385321101
48.484848484848484
31.08108108108108
13.986013986013987
2.912621359223301
16.286644951140065
14.399999999999999
2.3474178403755865
79.3103448275862
3.937007874015748
12.033195020746888
23.076923076923077
9.271523178807946
4.054054054054054
95.45454545454545
39.53488372093023
11.307420494699647
9.45945945945946
5.365853658536586
4.508196721311475
20.689655172413794
4.0
49.2063492063492
13.793103448275861
9.01639344262295
6.127450980392156
2.3980815347721824
13.658536585365855
70.58823529411765
2.054794520547945
7.30593607305936
50.0
6.761565836298933
1.5410958904109588
45.28301886792453
39.21568627450981
7.835820895522389
7.772020725388601
29.629629629629626
4.437869822485207
32.0
4.4534412955465585
28.915662650602407
3.6544850498338874
18.253968253968253
22.689075630252102
12.941176470588237
4.962779156327544
6.349206349206349
43.83561643835616
2.8205128205128207
18.0327868852459
11.940298507462686
12.371134020618557
1.8404907975460123
21.62162162162162
28.000000000000004
41.86046511627907
11.27450980392157
39.795918367346935
10.256410256410255
8.734939759036145
10.407239819004525
49.23076923076923
4.824561403508771
43.05555555555556
37.878787878787875
5.681818181818182
67.85714285714286
20.833333333333336
103.03030303030303
23.333333333333332
18.095238095238095
45.45454545454545
50.0
28.767123287671232
29.78723404255319
25.833333333333336
40.50632911392405
33.33333333333333
10.76923076923077
29.411764705882355
6.319702602230483
20.634920634920633
16.666666666666664
21.73913043478261
47.82608695652174
64.86486486486487
100.0
16.9811320754717
27.27272727272727
27.142857142857142
23.684210526315788
18.89763779527559
49.09090909090909
21.839080459770116
2.4734982332155475
48.484848484848484
3.938730853391685
38.775510204081634
73.68421052631578
36.97478991596639
21.019108280254777
66.10169491525424
3.7735849056603774
12.631578947368421
34.0
21.014492753623188
21.12676056338028
34.69387755102041
10.27027027027027
4.656319290465632
7.55813953488372
5.524861878453039
6.0402684563758395
5.116279069767442
6.36604774535809
33.33333333333333
157.89473684210526
75.0
15.862068965517242
46.2962962962963
5.263157894736842
60.0
6.666666666666667
45.45454545454545
11.147540983606557
2.287581699346405
14.37908496732026
42.68292682926829
21.008403361344538
56.97674418604651
3.565891472868217
4.713804713804714
43.333333333333336
35.18518518518518
3.7037037037037033
2.9038112522686026
50.79365079365079
12.337662337662337
38.775510204081634
36.95652173913043
31.88405797101449
122.22222222222223
9.090909090909092
187.5
0.7299270072992701
1.1385199240986716
114.99999999999999
39.130434782608695
7.03125
14.583333333333334
1.5437392795883362
2.5236593059936907
10.187110187110187
10.526315789473683
5.689655172413794
1.5723270440251573
8.51063829787234
47.27272727272727
67.24137931034483
61.29032258064516
51.35135135135135
5.7324840764331215
2.511773940345369
25.0
28.947368421052634
83.33333333333334
0.8278145695364238
42.857142857142854
65.21739130434783
28.735632183908045
116.66666666666667
7.608695652173914
8.100558659217876
38.70967741935484
22.22222222222222
75.0
22.5
4.859335038363171
0.7518796992481203
4.6875
40.42553191489361
25.0
61.904761904761905
7.7227722772277225
1.3550135501355014
34.72222222222222
38.46153846153847
24.074074074074073
23.863636363636363
8.292682926829269
36.470588235294116
46.478873239436616
1.6666666666666667
7.2202166064981945
33.33333333333333
33.33333333333333
50.0
35.294117647058826
12.5
18.75
56.00000000000001
108.69565217391303
1.1764705882352942
2.050113895216401
57.49999999999999
32.743362831858406
5.2
44.61538461538462
1.2681159420289856
15.068493150684931
22.400000000000002
17.20430107526882
65.625
63.888888888888886
5.2805280528052805
90.9090909090909
25.742574257425744
20.481927710843372
8.045977011494253
17.857142857142858
45.45454545454545
52.38095238095239
8.108108108108109
42.028985507246375
19.791666666666664
5.293005671077505
34.48275862068966
46.808510638297875
40.42553191489361
14.084507042253522
16.56804733727811
45.83333333333333
2.0338983050847457
44.44444444444444
75.0
2.9213483146067416
51.724137931034484
6.720430107526881
21.323529411764707
24.444444444444443
29.166666666666668
36.986301369863014
54.23728813559322
2.663934426229508
30.0
33.33333333333333
33.33333333333333
12.931034482758621
10.775862068965516
27.77777777777778
14.678899082568808
1.669449081803005
20.73170731707317
43.47826086956522
64.0
2.095808383233533
3.3203125
15.384615384615385
39.77272727272727
55.81395348837209
23.809523809523807
73.07692307692307
27.184466019417474
43.103448275862064
1.7582417582417582
1.486988847583643
5.019305019305019
6.923076923076923
31.08108108108108
48.4375
37.03703703703704
37.5
2.5316455696202533
59.09090909090909
27.173913043478258
5.387205387205387
53.333333333333336
4.926108374384237
28.04878048780488
9.923664122137405
32.69230769230769
3.0800821355236137
25.925925925925924
46.590909090909086
81.25
26.08695652173913
24.561403508771928
42.42424242424242
27.142857142857142
1.09717868338558
23.58490566037736
7.262569832402235
2.857142857142857
3.8128249566724435
2.941176470588235
25.64102564102564
71.42857142857143
34.61538461538461
27.61904761904762
2.9166666666666665
30.76923076923077
69.23076923076923
6.374501992031872
70.0
30.76923076923077
10.945273631840797
51.28205128205128
43.58974358974359
19.67741935483871
44.44444444444444
24.65753424657534
15.813953488372093
54.54545454545454
53.333333333333336
7.441860465116279
16.41025641025641
7.943925233644859
147.61904761904762
23.232323232323232
58.536585365853654
2.7777777777777777
25.0
5.466237942122187
38.775510204081634
24.81203007518797
2.0527859237536656
19.626168224299064
18.26086956521739
2.797202797202797
2.947845804988662
26.865671641791046
22.950819672131146
54.054054054054056
3.389830508474576
38.46153846153847
9.67741935483871
1.13314447592068
6.309751434034416
20.0
90.0
6.95970695970696
2.0089285714285716
16.16766467065868
18.91891891891892
1.69971671388102
4.288939051918736
24.509803921568626
12.173913043478262
8.133971291866029
75.0
1.8255578093306288
107.6923076923077
38.57142857142858
26.5625
42.5
60.0
35.84905660377358
9.887640449438202
80.0
1.744186046511628
20.408163265306122
21.678321678321677
85.71428571428571
5.9405940594059405
9.777777777777779
47.69230769230769
52.17391304347826
25.663716814159294
2.2020725388601035
52.27272727272727
32.6530612244898
46.15384615384615
85.71428571428571
3.061224489795918
21.608040201005025
0.7490636704119851
56.25
3.2590051457975986
3.6057692307692304
21.649484536082475
12.371134020618557
7.575757575757576
25.471698113207548
71.875
53.191489361702125
2.341137123745819
24.444444444444443
45.744680851063826
7.114624505928854
4.66321243523316
4.304635761589404
2.684563758389262
60.86956521739131
3.8095238095238098
3.2716927453769555
4.3604651162790695
16.363636363636363
0.4784688995215311
24.705882352941178
2.131782945736434
5.699481865284974
16.3265306122449
16.666666666666664
25.301204819277107
8.333333333333332
8.208955223880597
14.399999999999999
10.559006211180124
3.87409200968523
5.423728813559322
5.136986301369863
13.698630136986301
10.566037735849058
19.047619047619047
10.559006211180124
25.97402597402597
14.285714285714285
29.82456140350877
4.745762711864407
10.03584229390681
1.0273972602739725
10.548523206751055
7.06713780918728
5.5096418732782375
9.5
14.054054054054054
8.461538461538462
3.0303030303030303
8.904109589041095
5.701754385964912
10.76923076923077
12.751677852348994
6.306306306306306
8.098591549295776
4.076086956521739
0.5093378607809848
43.373493975903614
7.073170731707316
28.28282828282828
1.8382352941176472
4.918032786885246
2.199661590524535
2.564102564102564
6.091370558375635
26.168224299065418
2.3890784982935154
15.862068965517242
3.9215686274509802
1.9858156028368796
30.32258064516129
5.263157894736842
21.53846153846154
7.216494845360824
5.833333333333333
6.511627906976744
31.645569620253166
1.0178117048346056
6.633291614518148
5.932203389830509
0.8278145695364238
8.547008547008547
9.340659340659341
0.9416195856873822
31.11111111111111
1.0638297872340425
3.872752420470263
2.510460251046025
7.05521472392638
8.620689655172415
40.0
18.367346938775512
8.0
10.952380952380953
7.4074074074074066
13.366336633663368
1.3986013986013985
17.346938775510203
4.142011834319527
0.5305039787798408
1.9280205655526992
11.379310344827587
3.286384976525822
4.30622009569378
4.081632653061225
11.627906976744185
5.763688760806916
13.60544217687075
7.8431372549019605
49.23076923076923
3.003003003003003
2.70935960591133
6.374501992031872
20.952380952380953
22.0
1.7994858611825193
13.20754716981132
21.62162162162162
10.72961373390558
2.5316455696202533
27.058823529411764
8.465608465608465
10.062893081761008
25.0
1.7654476670870116
12.745098039215685
37.254901960784316
53.65853658536586
43.07692307692308
29.629629629629626
55.81395348837209
30.476190476190478
50.943396226415096
115.38461538461537
36.7816091954023
40.0
29.357798165137616
211.11111111111111
14.835164835164836
45.45454545454545
32.038834951456316
38.38383838383838
14.285714285714285
27.173913043478258
49.2063492063492
52.112676056338024
25.233644859813083
168.9655172413793
375.0
32.30769230769231
61.111111111111114
26.984126984126984
28.030303030303028
43.39622641509434
46.666666666666664
40.298507462686565
85.29411764705883
130.76923076923077
104.76190476190477
14.130434782608695
66.66666666666666
116.66666666666667
18.75
80.0
43.103448275862064
6.8181818181818175
68.18181818181817
58.333333333333336
13.306451612903224
74.50980392156863
42.5
61.111111111111114
35.0
37.93103448275862
28.28282828282828
6.25
10.050251256281408
7.9422382671480145
9.583333333333334
9.764309764309765
34.72222222222222
50.72463768115942
70.27027027027027
29.411764705882355
32.432432432432435
34.84848484848485
19.00826446280992
38.94736842105263
9.090909090909092
6.686046511627906
6.968641114982578
103.33333333333334
22.413793103448278
24.264705882352942
21.311475409836063
30.120481927710845
43.28358208955223
40.963855421686745
57.77777777777777
40.44943820224719
41.17647058823529
19.672131147540984
56.62650602409639
44.5945945945946
29.29936305732484
14.5985401459854
42.35294117647059
41.17647058823529
65.57377049180327
51.515151515151516
61.19402985074627
10.344827586206897
36.734693877551024
60.0
55.88235294117647
55.140186915887845
51.388888888888886
45.94594594594595
35.65891472868217
29.82456140350877
14.736842105263156
27.927927927927925
27.160493827160494
15.873015873015872
5.36480686695279
41.55844155844156
34.66666666666667
35.0
30.17241379310345
24.193548387096776
59.70149253731343
26.262626262626267
29.629629629629626
2.088167053364269
31.868131868131865
42.592592592592595
42.857142857142854
80.55555555555556
41.891891891891895
28.57142857142857
43.28358208955223
16.778523489932887
34.5679012345679
58.139534883720934
1.461988304093567
23.728813559322035
30.53435114503817
48.421052631578945
24.719101123595504
41.07142857142857
25.157232704402517
32.28346456692913
31.25
57.99999999999999
30.303030303030305
19.78021978021978
22.875816993464053
34.21052631578947
34.0
42.168674698795186
52.112676056338024
12.781954887218044
47.94520547945205
36.708860759493675
26.506024096385545
37.9746835443038
7.909604519774012
45.0
38.75
50.0
52.0
33.75
35.714285714285715
25.925925925925924
32.94117647058823
43.15789473684211
35.41666666666667
30.097087378640776
35.869565217391305
25.6
9.872611464968154
23.232323232323232
7.807807807807808
36.708860759493675
24.369747899159663
43.58974358974359
29.850746268656714
9.411764705882353
82.85714285714286
24.137931034482758
27.380952380952383
56.52173913043478
32.35294117647059
88.0
72.72727272727273
70.58823529411765
54.347826086956516
50.98039215686274
28.695652173913043
72.41379310344827
70.6896551724138
30.303030303030305
25.0
37.17948717948718
4.888888888888889
50.0
51.61290322580645
14.374999999999998
49.056603773584904
43.02325581395349
75.0
60.86956521739131
48.64864864864865
61.53846153846154
14.615384615384617
35.44303797468354
65.9090909090909
5.622489959839357
74.4186046511628
100.0
34.5679012345679
48.38709677419355
1.8181818181818181
4.615384615384616
50.877192982456144
3.8461538461538463
25.0
39.130434782608695
33.84615384615385
70.37037037037037
88.23529411764706
166.66666666666669
46.774193548387096
59.09090909090909
19.35483870967742
42.30769230769231
59.01639344262295
82.6086956521739
49.056603773584904
20.8
42.857142857142854
56.00000000000001
3.91566265060241
15.306122448979592
32.5
56.52173913043478
29.72972972972973
35.294117647058826
133.33333333333331
200.0
0.0
116.66666666666667
93.33333333333333
77.77777777777779
9.89010989010989
22.400000000000002
57.14285714285714
69.23076923076923
66.66666666666666
48.61111111111111
110.00000000000001
63.63636363636363
242.85714285714283
118.18181818181819
860.0
133.33333333333331
28.57142857142857
28.723404255319153
28.205128205128204
61.111111111111114
29.230769230769234
30.357142857142854
33.89830508474576
79.3103448275862
15.151515151515152
37.5
32.25806451612903
44.303797468354425
53.84615384615385
0.0
80.0
0.0
52.17391304347826
117.14285714285715
56.41025641025641
42.857142857142854
68.42105263157895
51.61290322580645
133.33333333333331
28.35820895522388
1.293103448275862
77.27272727272727
42.857142857142854
17.741935483870968
86.66666666666667
106.25
33.33333333333333
60.0
50.0
76.47058823529412
111.11111111111111
350.0
166.66666666666669
60.78431372549019
166.66666666666669
166.66666666666669
5.785123966942149
2.5
9.00900900900901
25.925925925925924
100.0
86.36363636363636
85.18518518518519
30.76923076923077
4250.0
2050.0
83.33333333333334
23.52941176470588
56.451612903225815
30.136986301369863
71.42857142857143
54.54545454545454
32.87671232876712
91.66666666666666
41.30434782608695
33.62068965517241
56.25
52.0
43.333333333333336
52.083333333333336
65.0
62.96296296296296
71.42857142857143
25.0
577.7777777777777
166.66666666666669
107.6923076923077
12.5
85.71428571428571
1400.0
50.0
33.33333333333333
92.3076923076923
450.0
53.333333333333336
61.53846153846154
78.94736842105263
26.865671641791046
566.6666666666667
260.0
73.68421052631578
37.03703703703704
50.0
0.0
171.42857142857142
125.0
21.367521367521366
92.3076923076923
104.16666666666667
120.0
23.333333333333332
58.82352941176471
341.66666666666663
76.19047619047619
20.51282051282051
88.88888888888889
12.790697674418606
3.867403314917127
38.095238095238095
58.620689655172406
45.45454545454545
22.137404580152673
70.37037037037037
87.5
75.0
59.09090909090909
42.857142857142854
84.0909090909091
3.289473684210526
90.2439024390244
107.6923076923077
73.68421052631578
38.46153846153847
5.319148936170213
6.4981949458483745
11.801242236024844
88.88888888888889
57.35294117647059
39.130434782608695
44.0
34.146341463414636
45.45454545454545
34.48275862068966
61.53846153846154
50.0
18.543046357615893
26.21359223300971
59.09090909090909
52.0
62.5
27.500000000000004
20.930232558139537
70.96774193548387
67.07317073170732
40.32258064516129
52.63157894736842
56.896551724137936
27.586206896551722
76.19047619047619
22.033898305084744
23.14814814814815
74.07407407407408
62.5
39.39393939393939
44.89795918367347
28.30188679245283
81.25
51.21951219512195
39.39393939393939
9.375
49.31506849315068
31.48148148148148
52.17391304347826
55.172413793103445
85.71428571428571
28.48101265822785
90.47619047619048
48.214285714285715
52.459016393442624
62.22222222222222
8.076923076923077
60.526315789473685
75.60975609756098
45.45454545454545
38.70967741935484
46.835443037974684
59.45945945945946
44.0
40.476190476190474
30.303030303030305
45.94594594594595
56.75675675675676
31.313131313131315
29.629629629629626
18.947368421052634
47.22222222222222
12.4031007751938
46.73913043478261
48.57142857142857
34.69387755102041
40.42553191489361
13.245033112582782
39.39393939393939
21.73913043478261
22.033898305084744
43.90243902439025
50.98039215686274
100.0
19.81981981981982
77.35849056603774
23.684210526315788
25.454545454545453
62.5
1.8050541516245486
52.85714285714286
23.809523809523807
73.33333333333333
15.0
15.555555555555555
31.343283582089555
32.608695652173914
9.714285714285714
58.730158730158735
37.77777777777778
21.428571428571427
24.193548387096776
25.301204819277107
51.61290322580645
2.1476510067114094
66.66666666666666
61.111111111111114
60.71428571428571
44.680851063829785
38.333333333333336
9.090909090909092
37.28813559322034
40.54054054054054
38.983050847457626
25.263157894736842
11.864406779661017
33.33333333333333
43.333333333333336
30.864197530864196
56.41025641025641
20.481927710843372
22.22222222222222
43.51851851851852
41.07142857142857
26.717557251908396
29.1970802919708
40.909090909090914
110.00000000000001
30.37974683544304
35.78947368421053
46.55172413793103
33.33333333333333
22.22222222222222
25.225225225225223
46.98795180722892
65.51724137931035
22.35294117647059
18.421052631578945
19.84732824427481
28.169014084507044
8.108108108108109
16.822429906542055
15.88235294117647
64.70588235294117
30.303030303030305
67.44186046511628
23.308270676691727
140.0
47.82608695652174
32.35294117647059
29.133858267716533
15.88235294117647
14.342629482071715
54.761904761904766
67.3469387755102
4.775280898876404
24.050632911392405
21.333333333333336
29.464285714285715
17.894736842105264
11.864406779661017
50.90909090909091
18.9873417721519
42.857142857142854
13.223140495867769
12.903225806451612
20.238095238095237
17.647058823529413
27.710843373493976
35.526315789473685
24.285714285714285
43.75
43.90243902439025
25.0
83.33333333333334
42.30769230769231
16.071428571428573
6.584362139917696
22.93577981651376
44.11764705882353
72.88135593220339
32.55813953488372
18.39080459770115
32.55813953488372
41.30434782608695
5.484460694698354
21.73913043478261
3.8011695906432745
3.6231884057971016
22.900763358778626
32.608695652173914
28.333333333333332
42.3728813559322
47.91666666666667
30.76923076923077
7.729468599033816
23.232323232323232
75.0
16.39344262295082
37.83783783783784
40.0
30.392156862745097
28.947368421052634
8.116883116883116
18.867924528301888
50.0
52.38095238095239
41.02564102564102
14.450867052023122
40.0
4.81283422459893
37.03703703703704
21.839080459770116
37.28813559322034
10.483870967741936
68.75
11.931818181818182
66.66666666666666
37.234042553191486
33.33333333333333
47.368421052631575
83.78378378378379
5.630026809651475
4.964539007092199
37.28813559322034
45.19230769230769
46.3768115942029
76.92307692307693
48.4375
29.78723404255319
63.888888888888886
11.11111111111111
55.932203389830505
7.655502392344498
34.21052631578947
26.153846153846157
68.88888888888889
36.986301369863014
48.0
38.59649122807017
36.27450980392157
3.314917127071823
10.951008645533141
83.33333333333334
26.229508196721312
17.692307692307693
60.0
56.81818181818182
15.238095238095239
13.48314606741573
19.672131147540984
158.33333333333331
5.7057057057057055
51.11111111111111
80.64516129032258
36.507936507936506
19.587628865979383
43.13725490196079
34.69387755102041
31.666666666666664
51.5625
36.0
58.333333333333336
58.620689655172406
39.6551724137931
18.181818181818183
40.625
26.08695652173913
19.047619047619047
40.243902439024396
58.06451612903226
15.384615384615385
63.1578947368421
19.047619047619047
22.105263157894736
29.82456140350877
24.271844660194176
32.94117647058823
6.8493150684931505
46.57534246575342
22.89156626506024
9.67741935483871
5.737704918032787
35.57046979865772
14.814814814814813
30.0
105.0
74.07407407407408
31.48148148148148
36.36363636363637
86.36363636363636
4.794520547945205
46.666666666666664
48.10126582278481
27.77777777777778
39.6551724137931
27.631578947368425
51.06382978723404
116.66666666666667
21.1864406779661
32.97872340425532
31.521739130434785
18.29268292682927
30.555555555555557
30.76923076923077
23.170731707317074
28.8135593220339
25.301204819277107
65.9090909090909
41.66666666666667
34.61538461538461
41.81818181818181
15.714285714285714
54.285714285714285
16.666666666666664
33.84615384615385
51.162790697674424
39.58333333333333
58.139534883720934
55.55555555555556
27.27272727272727
75.60975609756098
11.282051282051283
62.857142857142854
31.88405797101449
27.710843373493976
68.0
34.710743801652896
42.66666666666667
4.0
18.354430379746837
25.510204081632654
56.52173913043478
26.36363636363636
19.834710743801654
65.4320987654321
3.272727272727273
100.0
19.672131147540984
21.428571428571427
24.031007751937985
9.937888198757763
23.684210526315788
43.66197183098591
6.691449814126393
23.52941176470588
25.547445255474454
24.285714285714285
45.1219512195122
166.66666666666669
47.14285714285714
23.770491803278688
14.864864864864865
18.84057971014493
19.82758620689655
72.22222222222221
28.235294117647058
40.5940594059406
12.834224598930483
36.507936507936506
17.91044776119403
27.906976744186046
22.424242424242426
25.0
27.480916030534353
16.363636363636363
14.23611111111111
35.08771929824561
30.701754385964914
2.5943396226415096
14.077669902912621
25.471698113207548
150.0
73.68421052631578
22.52252252252252
23.62204724409449
28.26086956521739
59.57446808510638
46.96969696969697
19.444444444444446
8.741258741258742
9.75609756097561
30.76923076923077
47.05882352941176
29.411764705882355
29.47368421052631
5.466237942122187
5.637982195845697
30.327868852459016
1.0204081632653061
20.0
30.693069306930692
59.154929577464785
24.324324324324326
26.229508196721312
35.55555555555556
28.735632183908045
31.932773109243694
18.367346938775512
37.93103448275862
65.51724137931035
37.719298245614034
22.916666666666664
25.688073394495415
34.92063492063492
52.94117647058824
29.166666666666668
12.554112554112553
16.666666666666664
35.92233009708738
0.0
53.73134328358209
11.0
16.05839416058394
20.833333333333336
31.88405797101449
29.545454545454547
43.28358208955223
37.93103448275862
23.52941176470588
47.540983606557376
23.972602739726025
32.35294117647059
55.932203389830505
28.688524590163933
35.483870967741936
16.037735849056602
10.676156583629894
32.94117647058823
22.55639097744361
53.70370370370371
6.273062730627306
21.641791044776117
12.755102040816327
13.114754098360656
21.232876712328768
42.5
190.9090909090909
16.3265306122449
34.32835820895522
36.84210526315789
40.74074074074074
21.929824561403507
23.57142857142857
4.8997772828507795
14.671814671814673
19.318181818181817
60.86956521739131
12.76595744680851
9.47867298578199
11.295681063122924
33.64485981308411
7.2607260726072615
17.5
29.545454545454547
42.35294117647059
15.508021390374333
16.541353383458645
9.32475884244373
36.25
8.013937282229964
5.025125628140704
36.36363636363637
12.093023255813954
8.49056603773585
9.032258064516128
16.923076923076923
7.333333333333333
2.684563758389262
1.9269776876267748
16.666666666666664
11.650485436893204
8.333333333333332
2.621231979030144
9.550561797752808
8.130081300813007
9.411764705882353
0.38634900193174504
21.794871794871796
11.627906976744185
4.878048780487805
9.35672514619883
0.5279034690799397
11.666666666666666
5.263157894736842
13.609467455621301
25.806451612903224
5.263157894736842
43.24324324324324
17.1875
14.285714285714285
21.98581560283688
20.588235294117645
126.66666666666666
61.904761904761905
9.448818897637794
43.13725490196079
33.33333333333333
44.0
15.11111111111111
33.78378378378378
52.94117647058824
50.0
25.252525252525253
83.33333333333334
57.14285714285714
32.83582089552239
47.22222222222222
38.82352941176471
112.5
13.829787234042554
5.439330543933055
95.55555555555556
31.57894736842105
6.859205776173286
50.877192982456144
31.25
32.758620689655174
25.892857142857146
40.625
93.54838709677419
10.087719298245613
26.744186046511626
54.166666666666664
76.92307692307693
28.767123287671232
6.1946902654867255
28.037383177570092
82.5
42.64705882352941
60.0
29.347826086956523
20.903954802259886
27.083333333333332
14.285714285714285
70.9090909090909
31.25
43.83561643835616
22.400000000000002
45.63106796116505
68.42105263157895
36.58536585365854
53.333333333333336
42.10526315789473
50.0
20.0
29.629629629629626
10.303030303030303
50.0
9.740259740259742
4.761904761904762
40.0
43.58974358974359
21.12676056338028
50.0
22.448979591836736
50.0
50.0
48.275862068965516
54.285714285714285
32.6530612244898
73.68421052631578
38.095238095238095
44.776119402985074
30.76923076923077
58.333333333333336
54.347826086956516
90.9090909090909
15.74074074074074
47.82608695652174
61.25000000000001
16.853932584269664
36.734693877551024
63.63636363636363
11.888111888111888
19.626168224299064
27.142857142857142
3.2116788321167884
44.0
28.125
16.260162601626014
0.0
118.75
62.5
21.21212121212121
66.66666666666666
6.071428571428571
2.553191489361702
40.0
45.614035087719294
12.658227848101266
47.05882352941176
33.33333333333333
23.809523809523807
34.375
41.66666666666667
50.0
15.69767441860465
40.44943820224719
17.741935483870968
4.201680672268908
20.175438596491226
31.57894736842105
32.0
15.929203539823009
92.3076923076923
32.038834951456316
85.71428571428571
35.0
62.5
5.054151624548736
5.454545454545454
38.46153846153847
18.181818181818183
31.46067415730337
14.685314685314685
12.755102040816327
64.70588235294117
7.4074074074074066
10.81081081081081
9.58904109589041
11.11111111111111
100.0
29.411764705882355
52.38095238095239
11.6751269035533
5.7034220532319395
50.0
17.557251908396946
1.3761467889908259
13.636363636363635
13.461538461538462
19.047619047619047
14.035087719298245
38.88888888888889
12.616822429906541
9.44206008583691
61.33333333333333
16.666666666666664
18.75
8.178438661710038
8.421052631578947
20.0
25.0
58.06451612903226
27.77777777777778
137.93103448275863
22.22222222222222
50.0
57.14285714285714
0.0
14.285714285714285
7.281553398058252
1.9516728624535316
28.57142857142857
0.4357298474945534
2.616279069767442
115.38461538461537
2.435723951285521
2.0533880903490758
35.483870967741936
0.0
68.75
31.746031746031743
76.92307692307693
62.5
3.058823529411765
7.268170426065162
9.090909090909092
5.597014925373134
5.555555555555555
6.862745098039216
5.555555555555555
5.555555555555555
12.612612612612612
3.5031847133757963
4.038772213247173
47.05882352941176
17.045454545454543
10.344827586206897
42.857142857142854
7.6923076923076925
26.373626373626376
12.32876712328767
48.75
5.617977528089887
22.69503546099291
17.6056338028169
44.680851063829785
54.41176470588235
12.0
43.75
6.689536878216123
57.14285714285714
50.0
36.36363636363637
33.33333333333333
6.470588235294119
44.5945945945946
32.5
4.895104895104895
25.842696629213485
18.421052631578945
2.242152466367713
44.89795918367347
13.815789473684212
51.02040816326531
6.756756756756757
50.0
30.337078651685395
22.22222222222222
34.61538461538461
30.666666666666664
30.136986301369863
9.574468085106384
35.714285714285715
4.778156996587031
33.9622641509434
24.528301886792452
42.857142857142854
27.27272727272727
340.0
46.03174603174603
36.36363636363637
66.66666666666666
36.734693877551024
25.0
14.150943396226415
108.33333333333333
9.30232558139535
23.25581395348837
43.859649122807014
21.84873949579832
53.84615384615385
1.0380622837370241
31.16883116883117
36.17021276595745
28.000000000000004
24.324324324324326
0.0
55.00000000000001
9.15032679738562
90.47619047619048
28.24427480916031
47.5
1.345291479820628
3.6923076923076925
24.509803921568626
34.146341463414636
9.375
13.076923076923078
32.8125
7.777777777777778
7.112970711297072
64.28571428571429
52.0
11.891891891891893
5.217391304347826
14.285714285714285
30.107526881720432
33.33333333333333
105.26315789473684
88.13559322033898
21.951219512195124
39.58333333333333
10.69182389937107
20.0
22.22222222222222
21.21212121212121
1.5957446808510638
33.84615384615385
9.022556390977442
101.75438596491229
0.0
49.122807017543856
4.325699745547073
1.3043478260869565
1.9662921348314606
31.25
3.937007874015748
42.68292682926829
25.0
11.428571428571429
60.86956521739131
85.71428571428571
36.36363636363637
52.63157894736842
260.0
11.538461538461538
44.06779661016949
43.39622641509434
40.0
43.75
50.81967213114754
44.565217391304344
34.69387755102041
5.198776758409786
40.65934065934066
27.536231884057973
35.714285714285715
100.0
52.63157894736842
25.581395348837212
106.4516129032258
17.17171717171717
42.592592592592595
43.75
35.18518518518518
46.666666666666664
18.666666666666668
123.07692307692308
142.85714285714286
93.75
27.27272727272727
61.224489795918366
67.74193548387096
82.14285714285714
136.36363636363635
60.0
22.463768115942027
31.57894736842105
9.722222222222223
55.88235294117647
11.627906976744185
50.0
46.808510638297875
60.0
51.35135135135135
78.94736842105263
45.56962025316456
43.47826086956522
142.85714285714286
36.17021276595745
100.0
15.217391304347828
30.303030303030305
50.0
36.607142857142854
15.5
40.625
82.75862068965517
71.42857142857143
18.30985915492958
17.449664429530202
46.51162790697674
16.129032258064516
48.717948717948715
33.64485981308411
51.61290322580645
26.984126984126984
142.85714285714286
47.05882352941176
30.0
68.75
50.0
40.0
100.0
115.78947368421053
81.81818181818183
73.07692307692307
42.10526315789473
30.909090909090907
13.942307692307693
9.79020979020979
40.32258064516129
51.162790697674424
54.761904761904766
36.84210526315789
16.9811320754717
13.793103448275861
70.83333333333334
63.63636363636363
27.27272727272727
64.51612903225806
41.30434782608695
80.0
53.01204819277109
37.878787878787875
42.857142857142854
50.0
0.425531914893617
52.77777777777778
52.23880597014925
17.073170731707318
16.666666666666664
52.17391304347826
51.42857142857142
47.368421052631575
1.7777777777777777
75.0
31.506849315068493
9.523809523809524
23.75
51.35135135135135
27.27272727272727
5.797101449275362
14.0625
23.25581395348837
53.62318840579711
88.0
36.11111111111111
80.95238095238095
39.130434782608695
147.61904761904762
20.0
142.85714285714286
25.64102564102564
45.45454545454545
54.71698113207547
7.936507936507936
81.48148148148148
0.0
5.084745762711865
30.76923076923077
0
42.30769230769231
150.0
58.82352941176471
28.07017543859649
38.70967741935484
34.285714285714285
30.17241379310345
22.89156626506024
27.192982456140353
82.14285714285714
36.231884057971016
82.6086956521739
54.285714285714285
90.0
34.66666666666667
47.368421052631575
51.92307692307693
40.74074074074074
5.172413793103448
71.42857142857143
125.0
0.9584664536741214
59.09090909090909
166.66666666666669
36.231884057971016
58.97435897435898
8.831908831908832
31.746031746031743
44.61538461538462
21.69811320754717
5.026455026455026
13.492063492063492
15.277777777777779
9.053497942386832
5.30035335689046
8.627450980392156
3.125
3.4129692832764507
2.8503562945368173
5.804749340369393
33.057851239669425
5.529953917050691
2.1806853582554515
0.8571428571428572
2.107728337236534
15.178571428571427
2.0191285866099893
20.0
7.777777777777778
2.717391304347826
10.434782608695652
0.8528784648187633
56.36363636363636
6.741573033707865
3.2692307692307696
1.694915254237288
28.14814814814815
5.319148936170213
4.145077720207254
36.45833333333333
3.8369304556354913
4.605263157894736
12.4
7.741935483870968
36.36363636363637
6.666666666666667
10.21505376344086
23.275862068965516
30.76923076923077
8.074534161490684
2.209944751381215
4.014598540145985
1.9635343618513323
1.9662921348314606
1.8018018018018018
3.324808184143223
3.2188841201716736
5.2410901467505235
2.869757174392936
5.42299349240781
4.23728813559322
1.6129032258064515
10.138248847926267
7.6923076923076925
36.206896551724135
15.107913669064748
6.552706552706552
5.752961082910321
32.35294117647059
18.69158878504673
4.661016949152542
20.192307692307693
4.0358744394618835
10.476190476190476
10.309278350515463
11.258278145695364
27.397260273972602
9.787234042553191
17.857142857142858
42.857142857142854
38.18181818181819
28.30188679245283
32.87671232876712
3.6363636363636362
22.689075630252102
25.961538461538463
19.387755102040817
3.1620553359683794
17.94871794871795
17.02127659574468
27.358490566037734
21.875
17.61006289308176
18.120805369127517
6.779661016949152
26.595744680851062
26.41509433962264
36.0655737704918
55.00000000000001
18.9873417721519
17.801047120418847
19.708029197080293
18.103448275862068
30.0
12.32876712328767
14.102564102564102
22.535211267605636
56.60377358490566
17.293233082706767
7.547169811320755
22.093023255813954
25.0
2.051282051282051
36.95652173913043
67.74193548387096
48.484848484848484
28.57142857142857
2.6490066225165565
27.710843373493976
29.411764705882355
69.6969696969697
32.78688524590164
35.294117647058826
24.637681159420293
32.142857142857146
31.11111111111111
49.18032786885246
16.574585635359114
12.637362637362637
55.223880597014926
20.0
46.3768115942029
76.66666666666667
46.666666666666664
30.0
52.083333333333336
20.0
64.86486486486487
41.66666666666667
14.634146341463413
58.69565217391305
57.14285714285714
34.883720930232556
52.38095238095239
41.66666666666667
17.857142857142858
24.166666666666668
15.228426395939088
4.491017964071856
46.42857142857143
9.003215434083602
3.9560439560439558
2.142857142857143
1.0389610389610389
4.972375690607735
3.8978494623655915
4.090909090909091
3.0141843971631204
12.698412698412698
33.70786516853933
3.9603960396039604
6.111111111111111
0.9090909090909091
25.49019607843137
4.20353982300885
1.9342359767891684
2.593192868719611
1.2170385395537524
4.801324503311259
4.297994269340974
5.911330049261084
28.846153846153843
4.968944099378882
0.7504690431519699
39.726027397260275
1.1764705882352942
8.745247148288973
1.6597510373443984
2.5806451612903225
1.4184397163120568
0.8641975308641975
6.425702811244979
0.8379888268156425
6.532663316582915
21.008403361344538
3.4482758620689653
14.43850267379679
5.311778290993072
2.462380300957592
2.6490066225165565
3.9647577092511015
10.047846889952153
18.181818181818183
13.114754098360656
0.9174311926605505
6.948640483383686
31.451612903225808
2.054794520547945
7.6923076923076925
2.9166666666666665
5.042016806722689
5.059523809523809
5.787781350482315
12.76595744680851
3.498542274052478
4.743083003952568
19.565217391304348
15.053763440860216
50.76923076923077
1.0250569476082005
7.473309608540925
13.274336283185843
18.29268292682927
7.971014492753622
17.91044776119403
2.4128686327077746
1.0
2.0179372197309418
13.872832369942195
4.437869822485207
40.8
8.396946564885496
5.577689243027888
5.555555555555555
11.695906432748536
23.62204724409449
5.05050505050505
6.293706293706294
4.945054945054945
14.772727272727273
3.6231884057971016
3.3628318584070795
13.28125
2.456140350877193
35.82089552238806
18.939393939393938
18.64406779661017
0.6097560975609756
1.596351197263398
12.121212121212121
2.063106796116505
4.201680672268908
18.666666666666668
10.179640718562874
20.77922077922078
24.074074074074073
19.463087248322147
23.741007194244602
30.701754385964914
21.69811320754717
39.285714285714285
25.581395348837212
10.843373493975903
25.53191489361702
16.8141592920354
57.57575757575758
20.0
21.52777777777778
34.40860215053764
18.627450980392158
17.307692307692307
29.87012987012987
20.2020202020202
27.67857142857143
35.80246913580247
27.956989247311824
47.82608695652174
33.33333333333333
28.125
27.659574468085108
30.985915492957744
21.518987341772153
27.77777777777778
15.328467153284672
35.45454545454545
47.14285714285714
43.15789473684211
39.24050632911392
27.173913043478258
23.776223776223777
67.5
29.82456140350877
8.771929824561402
29.411764705882355
38.55421686746988
37.77777777777778
39.682539682539684
32.30769230769231
45.33333333333333
43.42105263157895
15.573770491803279
13.48314606741573
10.087719298245613
119.23076923076923
66.66666666666666
87.87878787878788
13.66906474820144
73.91304347826086
54.09836065573771
104.0
39.62264150943396
57.77777777777777
42.465753424657535
75.0
63.33333333333333
75.75757575757575
66.66666666666666
59.523809523809526
59.09090909090909
50.0
51.02040816326531
63.33333333333333
46.15384615384615
54.83870967741935
36.92307692307693
73.17073170731707
39.53488372093023
67.74193548387096
40.0
39.58333333333333
54.385964912280706
11.76470588235294
51.35135135135135
38.372093023255815
73.07692307692307
39.58333333333333
60.97560975609756
38.59649122807017
33.82352941176471
50.90909090909091
58.620689655172406
43.90243902439025
37.2093023255814
56.75675675675676
71.7948717948718
30.985915492957744
47.22222222222222
3.943661971830986
34.375
31.944444444444443
65.38461538461539
60.60606060606061
40.0
56.52173913043478
68.75
4.62962962962963
16.27906976744186
85.71428571428571
37.096774193548384
26.38888888888889
12.5
41.17647058823529
27.027027027027028
0.9472259810554804
4.248366013071895
32.72727272727273
36.666666666666664
